{
    "name": "Facial 1v1",
    "creator": "TheEffectTheCause",
    "version": "1",
    "description": "For 1v1. A small in your face map, raid heavy.",
    "players": [
        2,
        4
    ],
    "planets": [
        {
            "name": "Corridora",
            "mass": 5000,
            "position_x": 24100,
            "position_y": -32200,
            "velocity_x": 89.26422882080078,
            "velocity_y": 66.8095703125,
            "required_thrust_to_move": 3,
            "starting_planet": true,
            "respawn": false,
            "start_destroyed": false,
            "min_spawn_delay": 0,
            "max_spawn_delay": 0,
            "planet": {
                "seed": 1466917632,
                "radius": 450,
                "heightRange": 0,
                "waterHeight": 0,
                "waterDepth": 100,
                "temperature": 0,
                "metalDensity": 0,
                "metalClusters": 0,
                "metalSpotLimit": -1,
                "biomeScale": 50,
                "biome": "lava",
                "symmetryType": "terrain and CSG",
                "symmetricalMetal": true,
                "symmetricalStarts": true,
                "numArmies": 2,
                "landingZonesPerArmy": 0,
                "landingZoneSize": 0
            },
            "planetCSG": [
                {
                    "weight": [
                        0,
                        0,
                        0,
                        0
                    ],
                    "spec": "/pa/terrain/metal/brushes/metal_structure_06.json",
                    "proj": "BP_Bend",
                    "transform": [
                        0.060072049498558044,
                        -0.5087435245513916,
                        -0.8588197827339172,
                        -388.2967529296875,
                        0.6837759613990784,
                        -0.6058358550071716,
                        0.40671035647392273,
                        183.88526916503906,
                        -0.727215051651001,
                        -0.6116722822189331,
                        0.3114727735519409,
                        140.82566833496094
                    ],
                    "op": "BO_Add",
                    "rotation": 1.9999988079071045,
                    "scale": [
                        1,
                        1,
                        1
                    ],
                    "height": 452.1283264160156,
                    "position": [
                        -388.2967529296875,
                        183.88525390625,
                        140.82568359375
                    ],
                    "weightHard": false,
                    "weightScale": [
                        1,
                        1,
                        1
                    ],
                    "mirrored": false,
                    "twinId": 0,
                    "flooded": false,
                    "pathable": false,
                    "mergeable": false,
                    "no_features": false
                },
                {
                    "weight": [
                        0,
                        0,
                        0,
                        0
                    ],
                    "spec": "/pa/terrain/metal/brushes/metal_structure_06.json",
                    "proj": "BP_Bend",
                    "transform": [
                        0.060072049498558044,
                        -0.5087435245513916,
                        -0.8588197827339172,
                        -388.2967224121094,
                        0.6837759613990784,
                        -0.6058358550071716,
                        0.40671035647392273,
                        183.88525390625,
                        0.727215051651001,
                        0.6116722822189331,
                        -0.3114727735519409,
                        -140.82565307617188
                    ],
                    "op": "BO_Add",
                    "rotation": 1.9999988079071045,
                    "scale": [
                        1,
                        1,
                        1
                    ],
                    "height": 452.1283264160156,
                    "position": [
                        -388.2967529296875,
                        183.88525390625,
                        140.82568359375
                    ],
                    "weightHard": false,
                    "weightScale": [
                        1,
                        1,
                        1
                    ],
                    "mirrored": true,
                    "twinId": 0,
                    "flooded": false,
                    "pathable": false,
                    "mergeable": false,
                    "no_features": false
                },
                {
                    "weight": [
                        0,
                        0,
                        0,
                        0
                    ],
                    "spec": "/pa/terrain/metal/brushes/metal_structure_06.json",
                    "proj": "BP_Bend",
                    "transform": [
                        0.914008617401123,
                        -0.09068948030471802,
                        -0.39542850852012634,
                        -178.5227508544922,
                        0.4056849479675293,
                        0.19751158356666565,
                        0.8924174308776855,
                        402.8966369628906,
                        -0.0028311610221862793,
                        -0.9760965704917908,
                        0.21731865406036377,
                        98.11211395263672
                    ],
                    "op": "BO_Add",
                    "rotation": 0.42000001668930054,
                    "scale": [
                        1,
                        1,
                        1
                    ],
                    "height": 451.4665832519531,
                    "position": [
                        -178.52276611328125,
                        402.89666748046875,
                        98.11212921142578
                    ],
                    "weightHard": false,
                    "weightScale": [
                        1,
                        1,
                        1
                    ],
                    "mirrored": false,
                    "twinId": 0,
                    "flooded": false,
                    "pathable": false,
                    "mergeable": false,
                    "no_features": false
                },
                {
                    "weight": [
                        0,
                        0,
                        0,
                        0
                    ],
                    "spec": "/pa/terrain/metal/brushes/metal_structure_06.json",
                    "proj": "BP_Bend",
                    "transform": [
                        0.914008617401123,
                        -0.09068948030471802,
                        -0.39542850852012634,
                        -178.5227508544922,
                        0.4056849479675293,
                        0.19751158356666565,
                        0.8924174308776855,
                        402.8966369628906,
                        0.0028311610221862793,
                        0.9760965704917908,
                        -0.21731865406036377,
                        -98.11211395263672
                    ],
                    "op": "BO_Add",
                    "rotation": 0.42000001668930054,
                    "scale": [
                        1,
                        1,
                        1
                    ],
                    "height": 451.4665832519531,
                    "position": [
                        -178.52276611328125,
                        402.89666748046875,
                        98.11212921142578
                    ],
                    "weightHard": false,
                    "weightScale": [
                        1,
                        1,
                        1
                    ],
                    "mirrored": true,
                    "twinId": 0,
                    "flooded": false,
                    "pathable": false,
                    "mergeable": false,
                    "no_features": false
                },
                {
                    "weight": [
                        0,
                        0,
                        0,
                        0
                    ],
                    "spec": "/pa/terrain/metal/brushes/metal_structure_06.json",
                    "proj": "BP_Bend",
                    "transform": [
                        -0.11129789054393768,
                        0.738555908203125,
                        -0.6649421453475952,
                        -300.8807678222656,
                        -0.6497355699539185,
                        0.4522089660167694,
                        0.6110243797302246,
                        276.4834289550781,
                        0.7519684433937073,
                        0.5000423192977905,
                        0.4295361042022705,
                        194.3614959716797
                    ],
                    "op": "BO_Add",
                    "rotation": -1.329999327659607,
                    "scale": [
                        1,
                        1,
                        1
                    ],
                    "height": 452.49163818359375,
                    "position": [
                        -300.8807373046875,
                        276.4833984375,
                        194.36154174804688
                    ],
                    "weightHard": false,
                    "weightScale": [
                        1,
                        1,
                        1
                    ],
                    "mirrored": false,
                    "twinId": 0,
                    "flooded": false,
                    "pathable": false,
                    "mergeable": false,
                    "no_features": false
                },
                {
                    "weight": [
                        0,
                        0,
                        0,
                        0
                    ],
                    "spec": "/pa/terrain/metal/brushes/metal_structure_06.json",
                    "proj": "BP_Bend",
                    "transform": [
                        -0.11129789054393768,
                        0.738555908203125,
                        -0.6649421453475952,
                        -300.8807678222656,
                        -0.6497355699539185,
                        0.4522089660167694,
                        0.6110243797302246,
                        276.4834289550781,
                        -0.7519684433937073,
                        -0.5000423192977905,
                        -0.4295361042022705,
                        -194.3614959716797
                    ],
                    "op": "BO_Add",
                    "rotation": -1.329999327659607,
                    "scale": [
                        1,
                        1,
                        1
                    ],
                    "height": 452.49163818359375,
                    "position": [
                        -300.8807373046875,
                        276.4833984375,
                        194.36154174804688
                    ],
                    "weightHard": false,
                    "weightScale": [
                        1,
                        1,
                        1
                    ],
                    "mirrored": true,
                    "twinId": 0,
                    "flooded": false,
                    "pathable": false,
                    "mergeable": false,
                    "no_features": false
                },
                {
                    "weight": [
                        0,
                        0,
                        0,
                        0
                    ],
                    "spec": "/pa/terrain/metal/brushes/metal_structure_06.json",
                    "proj": "BP_Bend",
                    "transform": [
                        0.9043195843696594,
                        0.00027492642402648926,
                        -0.42685601115226746,
                        -193.1754150390625,
                        0.4268549382686615,
                        0.00179252028465271,
                        0.9043183326721191,
                        409.2529296875,
                        0.0010137557983398438,
                        -0.9999983310699463,
                        0.0015036463737487793,
                        0.6804812550544739
                    ],
                    "op": "BO_Add",
                    "rotation": 0.440000057220459,
                    "scale": [
                        1,
                        1,
                        1
                    ],
                    "height": 452.5540466308594,
                    "position": [
                        -193.1754150390625,
                        409.2529296875,
                        0.6805191040039062
                    ],
                    "weightHard": false,
                    "weightScale": [
                        1,
                        1,
                        1
                    ],
                    "mirrored": false,
                    "twinId": 0,
                    "flooded": false,
                    "pathable": false,
                    "mergeable": false,
                    "no_features": false
                },
                {
                    "weight": [
                        0,
                        0,
                        0,
                        0
                    ],
                    "spec": "/pa/terrain/metal/brushes/metal_structure_06.json",
                    "proj": "BP_Bend",
                    "transform": [
                        0.6231555342674255,
                        -0.3180927336215973,
                        -0.7144887447357178,
                        -322.4285888671875,
                        0.5241662263870239,
                        0.847879946231842,
                        0.07968305051326752,
                        35.958709716796875,
                        0.5804540514945984,
                        -0.424165815114975,
                        0.6950945854187012,
                        313.6765441894531
                    ],
                    "op": "BO_Add",
                    "rotation": 0.5200001001358032,
                    "scale": [
                        1,
                        1,
                        1
                    ],
                    "height": 451.2717590332031,
                    "position": [
                        -322.4285888671875,
                        35.958709716796875,
                        313.676513671875
                    ],
                    "weightHard": false,
                    "weightScale": [
                        1,
                        1,
                        1
                    ],
                    "mirrored": false,
                    "twinId": 0,
                    "flooded": false,
                    "pathable": false,
                    "mergeable": false,
                    "no_features": false
                },
                {
                    "weight": [
                        0,
                        0,
                        0,
                        0
                    ],
                    "spec": "/pa/terrain/metal/brushes/metal_structure_06.json",
                    "proj": "BP_Bend",
                    "transform": [
                        0.6231555342674255,
                        -0.3180927336215973,
                        -0.7144887447357178,
                        -322.4285888671875,
                        0.5241662263870239,
                        0.847879946231842,
                        0.07968305051326752,
                        35.958709716796875,
                        -0.5804540514945984,
                        0.424165815114975,
                        -0.6950945854187012,
                        -313.6765441894531
                    ],
                    "op": "BO_Add",
                    "rotation": 0.5200001001358032,
                    "scale": [
                        1,
                        1,
                        1
                    ],
                    "height": 451.2717590332031,
                    "position": [
                        -322.4285888671875,
                        35.958709716796875,
                        313.676513671875
                    ],
                    "weightHard": false,
                    "weightScale": [
                        1,
                        1,
                        1
                    ],
                    "mirrored": true,
                    "twinId": 0,
                    "flooded": false,
                    "pathable": false,
                    "mergeable": false,
                    "no_features": false
                },
                {
                    "weight": [
                        0,
                        0,
                        0,
                        0
                    ],
                    "spec": "/pa/terrain/metal/brushes/metal_structure_06.json",
                    "proj": "BP_Bend",
                    "transform": [
                        0.04529792442917824,
                        0.0005102248396724463,
                        -0.9989734292030334,
                        -449.9754638671875,
                        -0.99895840883255,
                        0.005515977740287781,
                        -0.04529443010687828,
                        -20.402326583862305,
                        0.005487207323312759,
                        0.9999846816062927,
                        0.0007595419883728027,
                        0.3421264588832855
                    ],
                    "op": "BO_Add",
                    "rotation": -1.5199991464614868,
                    "scale": [
                        1,
                        1,
                        1
                    ],
                    "height": 450.4378662109375,
                    "position": [
                        -449.9754638671875,
                        -20.402328491210938,
                        0.34222811460494995
                    ],
                    "weightHard": false,
                    "weightScale": [
                        1,
                        1,
                        1
                    ],
                    "mirrored": false,
                    "twinId": 0,
                    "flooded": false,
                    "pathable": false,
                    "mergeable": false,
                    "no_features": false
                },
                {
                    "weight": [
                        0,
                        0,
                        0,
                        0
                    ],
                    "spec": "/pa/terrain/metal/brushes/metal_structure_06.json",
                    "proj": "BP_Bend",
                    "transform": [
                        0.23131251335144043,
                        -0.3132040500640869,
                        -0.9210851788520813,
                        -415.24102783203125,
                        0.07816570997238159,
                        0.9496841430664062,
                        -0.30329903960227966,
                        -136.732421875,
                        0.9697344303131104,
                        -0.0018403828144073486,
                        0.2441556453704834,
                        110.0695571899414
                    ],
                    "op": "BO_Add",
                    "rotation": 0.3199999928474426,
                    "scale": [
                        1,
                        1,
                        1
                    ],
                    "height": 450.8171691894531,
                    "position": [
                        -415.240966796875,
                        -136.73239135742188,
                        110.0696029663086
                    ],
                    "weightHard": false,
                    "weightScale": [
                        1,
                        1,
                        1
                    ],
                    "mirrored": false,
                    "twinId": 0,
                    "flooded": false,
                    "pathable": false,
                    "mergeable": false,
                    "no_features": false
                },
                {
                    "weight": [
                        0,
                        0,
                        0,
                        0
                    ],
                    "spec": "/pa/terrain/metal/brushes/metal_structure_06.json",
                    "proj": "BP_Bend",
                    "transform": [
                        0.23131251335144043,
                        -0.3132040500640869,
                        -0.9210851788520813,
                        -415.24102783203125,
                        0.07816570997238159,
                        0.9496841430664062,
                        -0.30329903960227966,
                        -136.732421875,
                        -0.9697344303131104,
                        0.0018403828144073486,
                        -0.2441556453704834,
                        -110.0695571899414
                    ],
                    "op": "BO_Add",
                    "rotation": 0.3199999928474426,
                    "scale": [
                        1,
                        1,
                        1
                    ],
                    "height": 450.8171691894531,
                    "position": [
                        -415.240966796875,
                        -136.73239135742188,
                        110.0696029663086
                    ],
                    "weightHard": false,
                    "weightScale": [
                        1,
                        1,
                        1
                    ],
                    "mirrored": true,
                    "twinId": 0,
                    "flooded": false,
                    "pathable": false,
                    "mergeable": false,
                    "no_features": false
                },
                {
                    "weight": [
                        0,
                        0,
                        0,
                        0
                    ],
                    "spec": "/pa/terrain/metal/brushes/metal_structure_06.json",
                    "proj": "BP_Bend",
                    "transform": [
                        0.11594301462173462,
                        -0.9263468384742737,
                        0.3583833873271942,
                        161.126220703125,
                        0.2349962592124939,
                        0.37615618109703064,
                        0.8962607979774475,
                        402.95147705078125,
                        -0.9650564789772034,
                        -0.019696444272994995,
                        0.2613007426261902,
                        117.4786605834961
                    ],
                    "op": "BO_Add",
                    "rotation": 1.1699994802474976,
                    "scale": [
                        1,
                        1,
                        1
                    ],
                    "height": 449.5917663574219,
                    "position": [
                        161.12620544433594,
                        402.951416015625,
                        117.47870635986328
                    ],
                    "weightHard": false,
                    "weightScale": [
                        1,
                        1,
                        1
                    ],
                    "mirrored": false,
                    "twinId": 0,
                    "flooded": false,
                    "pathable": false,
                    "mergeable": false,
                    "no_features": false
                },
                {
                    "weight": [
                        0,
                        0,
                        0,
                        0
                    ],
                    "spec": "/pa/terrain/metal/brushes/metal_structure_06.json",
                    "proj": "BP_Bend",
                    "transform": [
                        0.11594301462173462,
                        -0.9263468384742737,
                        0.3583833873271942,
                        161.12623596191406,
                        0.2349962592124939,
                        0.37615618109703064,
                        0.8962607979774475,
                        402.9515075683594,
                        0.9650564789772034,
                        0.019696444272994995,
                        -0.2613007426261902,
                        -117.47866821289062
                    ],
                    "op": "BO_Add",
                    "rotation": 1.1699994802474976,
                    "scale": [
                        1,
                        1,
                        1
                    ],
                    "height": 449.5917663574219,
                    "position": [
                        161.12620544433594,
                        402.951416015625,
                        117.47870635986328
                    ],
                    "weightHard": false,
                    "weightScale": [
                        1,
                        1,
                        1
                    ],
                    "mirrored": true,
                    "twinId": 0,
                    "flooded": false,
                    "pathable": false,
                    "mergeable": false,
                    "no_features": false
                },
                {
                    "weight": [
                        0,
                        0,
                        0,
                        0
                    ],
                    "spec": "/pa/terrain/metal/brushes/metal_structure_06.json",
                    "proj": "BP_Bend",
                    "transform": [
                        0.4945628046989441,
                        -0.8464844226837158,
                        0.19715943932533264,
                        88.8612060546875,
                        0.5425125360488892,
                        0.4778814911842346,
                        0.690875768661499,
                        311.3827819824219,
                        -0.679034411907196,
                        -0.23471999168395996,
                        0.6955708265304565,
                        313.4988708496094
                    ],
                    "op": "BO_Add",
                    "rotation": 0.9599996209144592,
                    "scale": [
                        1,
                        1,
                        1
                    ],
                    "height": 450.70733642578125,
                    "position": [
                        88.8612060546875,
                        311.3828125,
                        313.49884033203125
                    ],
                    "weightHard": false,
                    "weightScale": [
                        1,
                        1,
                        1
                    ],
                    "mirrored": false,
                    "twinId": 0,
                    "flooded": false,
                    "pathable": false,
                    "mergeable": false,
                    "no_features": false
                },
                {
                    "weight": [
                        0,
                        0,
                        0,
                        0
                    ],
                    "spec": "/pa/terrain/metal/brushes/metal_structure_06.json",
                    "proj": "BP_Bend",
                    "transform": [
                        0.4945628046989441,
                        -0.8464844226837158,
                        0.19715943932533264,
                        88.8612060546875,
                        0.5425125360488892,
                        0.4778814911842346,
                        0.690875768661499,
                        311.3827819824219,
                        0.679034411907196,
                        0.23471999168395996,
                        -0.6955708265304565,
                        -313.4988708496094
                    ],
                    "op": "BO_Add",
                    "rotation": 0.9599996209144592,
                    "scale": [
                        1,
                        1,
                        1
                    ],
                    "height": 450.70733642578125,
                    "position": [
                        88.8612060546875,
                        311.3828125,
                        313.49884033203125
                    ],
                    "weightHard": false,
                    "weightScale": [
                        1,
                        1,
                        1
                    ],
                    "mirrored": true,
                    "twinId": 0,
                    "flooded": false,
                    "pathable": false,
                    "mergeable": false,
                    "no_features": false
                },
                {
                    "weight": [
                        0,
                        0,
                        0,
                        0
                    ],
                    "spec": "/pa/terrain/metal/brushes/metal_structure_06.json",
                    "proj": "BP_Bend",
                    "transform": [
                        0.8722563982009888,
                        -0.20779182016849518,
                        -0.4427092671394348,
                        -199.98486328125,
                        0.4887365698814392,
                        0.40273013710975647,
                        0.7739154100418091,
                        349.6004638671875,
                        0.01747909188270569,
                        -0.891420841217041,
                        0.45283931493759155,
                        204.56089782714844
                    ],
                    "op": "BO_Add",
                    "rotation": 0.5000000596046448,
                    "scale": [
                        1,
                        1,
                        1
                    ],
                    "height": 451.72955322265625,
                    "position": [
                        -199.98486328125,
                        349.6004638671875,
                        204.5608673095703
                    ],
                    "weightHard": false,
                    "weightScale": [
                        1,
                        1,
                        1
                    ],
                    "mirrored": false,
                    "twinId": 0,
                    "flooded": false,
                    "pathable": false,
                    "mergeable": false,
                    "no_features": false
                },
                {
                    "weight": [
                        0,
                        0,
                        0,
                        0
                    ],
                    "spec": "/pa/terrain/metal/brushes/metal_structure_06.json",
                    "proj": "BP_Bend",
                    "transform": [
                        0.8722563982009888,
                        -0.20779182016849518,
                        -0.4427092671394348,
                        -199.98486328125,
                        0.4887365698814392,
                        0.40273013710975647,
                        0.7739154100418091,
                        349.6004638671875,
                        -0.01747909188270569,
                        0.891420841217041,
                        -0.45283931493759155,
                        -204.56089782714844
                    ],
                    "op": "BO_Add",
                    "rotation": 0.5000000596046448,
                    "scale": [
                        1,
                        1,
                        1
                    ],
                    "height": 451.72955322265625,
                    "position": [
                        -199.98486328125,
                        349.6004638671875,
                        204.5608673095703
                    ],
                    "weightHard": false,
                    "weightScale": [
                        1,
                        1,
                        1
                    ],
                    "mirrored": true,
                    "twinId": 0,
                    "flooded": false,
                    "pathable": false,
                    "mergeable": false,
                    "no_features": false
                },
                {
                    "weight": [
                        0,
                        0,
                        0,
                        0
                    ],
                    "spec": "/pa/terrain/metal/brushes/metal_structure_06.json",
                    "proj": "BP_Bend",
                    "transform": [
                        -0.13593527674674988,
                        0.5751323103904724,
                        -0.10365749150514603,
                        -78.22686004638672,
                        -0.2172795534133911,
                        0.049056150019168854,
                        0.5571208000183105,
                        420.4405212402344,
                        0.5425050258636475,
                        0.1637582778930664,
                        0.19715994596481323,
                        148.7900390625
                    ],
                    "op": "BO_Add",
                    "rotation": -1.6799989938735962,
                    "scale": [
                        0.6000003814697266,
                        0.6000003814697266,
                        0.6000003814697266
                    ],
                    "height": 452.8003234863281,
                    "position": [
                        -78.22685241699219,
                        420.44049072265625,
                        148.79005432128906
                    ],
                    "weightHard": false,
                    "weightScale": [
                        1,
                        1,
                        1
                    ],
                    "mirrored": false,
                    "twinId": 0,
                    "flooded": false,
                    "pathable": false,
                    "mergeable": false,
                    "no_features": false
                },
                {
                    "weight": [
                        0,
                        0,
                        0,
                        0
                    ],
                    "spec": "/pa/terrain/metal/brushes/metal_structure_06.json",
                    "proj": "BP_Bend",
                    "transform": [
                        -0.13593527674674988,
                        0.5751323103904724,
                        -0.10365749150514603,
                        -78.22686004638672,
                        -0.2172795534133911,
                        0.049056150019168854,
                        0.5571208000183105,
                        420.4405212402344,
                        -0.5425050258636475,
                        -0.1637582778930664,
                        -0.19715994596481323,
                        -148.79002380371094
                    ],
                    "op": "BO_Add",
                    "rotation": -1.6799989938735962,
                    "scale": [
                        0.6000003814697266,
                        0.6000003814697266,
                        0.6000003814697266
                    ],
                    "height": 452.8003234863281,
                    "position": [
                        -78.22685241699219,
                        420.44049072265625,
                        148.79005432128906
                    ],
                    "weightHard": false,
                    "weightScale": [
                        1,
                        1,
                        1
                    ],
                    "mirrored": true,
                    "twinId": 0,
                    "flooded": false,
                    "pathable": false,
                    "mergeable": false,
                    "no_features": false
                },
                {
                    "weight": [
                        0,
                        0,
                        0,
                        0
                    ],
                    "spec": "/pa/terrain/metal/brushes/metal_structure_06.json",
                    "proj": "BP_Bend",
                    "transform": [
                        -0.874332845211029,
                        0.36908620595932007,
                        -0.3151475787162781,
                        -141.5709686279297,
                        0.3496168851852417,
                        0.9293717741966248,
                        0.11847452819347382,
                        53.22126388549805,
                        0.336616575717926,
                        -0.006594762206077576,
                        -0.9416190385818481,
                        -422.9952087402344
                    ],
                    "op": "BO_Add",
                    "rotation": -0.3400000035762787,
                    "scale": [
                        1,
                        1,
                        1
                    ],
                    "height": 449.2211608886719,
                    "position": [
                        -141.57077026367188,
                        53.22119140625,
                        -422.9951171875
                    ],
                    "weightHard": false,
                    "weightScale": [
                        1,
                        1,
                        1
                    ],
                    "mirrored": false,
                    "twinId": 0,
                    "flooded": false,
                    "pathable": false,
                    "mergeable": false,
                    "no_features": false
                },
                {
                    "weight": [
                        0,
                        0,
                        0,
                        0
                    ],
                    "spec": "/pa/terrain/metal/brushes/metal_structure_06.json",
                    "proj": "BP_Bend",
                    "transform": [
                        -0.874332845211029,
                        0.36908620595932007,
                        -0.3151475787162781,
                        -141.5709686279297,
                        0.3496168851852417,
                        0.9293717741966248,
                        0.11847452819347382,
                        53.22126388549805,
                        -0.336616575717926,
                        0.006594762206077576,
                        0.9416190385818481,
                        422.9952087402344
                    ],
                    "op": "BO_Add",
                    "rotation": -0.3400000035762787,
                    "scale": [
                        1,
                        1,
                        1
                    ],
                    "height": 449.2211608886719,
                    "position": [
                        -141.57077026367188,
