{
    "name": "Holy Hand Grenade NS",
	"creator": "TheEffectTheCause",
	"version": "1.1",
	"description": "Halleluja, Halleluja, For 4v4 No Share",
	"players": [
	    8,
	    8
	],
    "planets": [
        {
            "name": "Pacification",
            "mass": 5000,
            "position_x": 19200,
            "position_y": -30700,
            "velocity_x": 99.62974548339844,
            "velocity_y": 62.30916213989258,
            "required_thrust_to_move": 3,
            "starting_planet": true,
            "respawn": false,
            "start_destroyed": false,
            "min_spawn_delay": 0,
            "max_spawn_delay": 0,
            "planet": {
                "seed": 917273216,
                "radius": 600,
                "heightRange": 0,
                "waterHeight": 0,
                "waterDepth": 100,
                "temperature": 0,
                "metalDensity": 0,
                "metalClusters": 0,
                "metalSpotLimit": -1,
                "biomeScale": 50,
                "biome": "moon",
                "symmetryType": "terrain and CSG",
                "symmetricalMetal": false,
                "symmetricalStarts": false,
                "numArmies": 2,
                "landingZonesPerArmy": 0,
                "landingZoneSize": 60
            },
            "planetCSG": [
                {
                    "spec": "/pa/terrain/metal/brushes/metal_structure_09.json",
                    "weight": [
                        0,
                        0,
                        0,
                        0
                    ],
                    "proj": "BP_Bend",
                    "op": "BO_Add",
                    "transform": [
                        1,
                        0,
                        0,
                        0,
                        0,
                        -0.2651909589767456,
                        -0.9641957879066467,
                        -578.3387451171875,
                        0,
                        0.9641957879066467,
                        -0.2651909589767456,
                        -159.06541442871094
                    ],
                    "scale": [
                        1,
                        1,
                        1
                    ],
                    "rotation": 0,
                    "position": [
                        0,
                        -578.1007080078125,
                        -159
                    ],
                    "height": 599.8146362304688,
                    "weightHard": false,
                    "weightScale": [
                        1,
                        1,
                        1
                    ],
                    "mirrored": false,
                    "twinId": 0,
                    "flooded": false,
                    "pathable": false,
                    "mergeable": false,
                    "no_features": false
                },
                {
                    "spec": "/pa/terrain/metal/brushes/metal_structure_09.json",
                    "weight": [
                        0,
                        0,
                        0,
                        0
                    ],
                    "proj": "BP_Bend",
                    "op": "BO_Add",
                    "transform": [
                        1,
                        0,
                        0,
                        0,
                        0,
                        0.26519131660461426,
                        -0.9641956686973572,
                        -578.3386840820312,
                        0,
                        0.9641956686973572,
                        0.26519131660461426,
                        159.0656280517578
                    ],
                    "scale": [
                        1,
                        1,
                        1
                    ],
                    "rotation": 0,
                    "position": [
                        0,
                        -578.1007080078125,
                        159
                    ],
                    "height": 599.8146362304688,
                    "weightHard": false,
                    "weightScale": [
                        1,
                        1,
                        1
                    ],
                    "mirrored": false,
                    "twinId": 0,
                    "flooded": false,
                    "pathable": false,
                    "mergeable": false,
                    "no_features": false
                },
                {
                    "spec": "/pa/terrain/metal/brushes/metal_structure_09.json",
                    "weight": [
                        0,
                        0,
                        0,
                        0
                    ],
                    "proj": "BP_Bend",
                    "op": "BO_Add",
                    "transform": [
                        4.470348358154297e-8,
                        0.9641958475112915,
                        0.26519107818603516,
                        159.06549072265625,
                        -1.341104507446289e-7,
                        0.26519107818603516,
                        -0.9641957879066467,
                        -578.3387451171875,
                        -0.9999998807907104,
                        0,
                        1.1920928955078125e-7,
                        0.00007150347664719447
                    ],
                    "scale": [
                        1,
                        1,
                        1
                    ],
                    "rotation": 4.980791091918945,
                    "position": [
                        159,
                        -578.1007080078125,
                        0
                    ],
                    "height": 599.8146362304688,
                    "weightHard": false,
                    "weightScale": [
                        1,
                        1,
                        1
                    ],
                    "mirrored": false,
                    "twinId": 0,
                    "flooded": false,
                    "pathable": false,
                    "mergeable": false,
                    "no_features": false
                },
                {
                    "spec": "/pa/terrain/metal/brushes/metal_structure_09.json",
                    "weight": [
                        0,
                        0,
                        0,
                        0
                    ],
                    "proj": "BP_Bend",
                    "op": "BO_Add",
                    "transform": [
                        0,
                        0.9641959071159363,
                        -0.26519107818603516,
                        -159.06549072265625,
                        -1.4156103134155273e-7,
                        -0.26519110798835754,
                        -0.9641957879066467,
                        -578.3387451171875,
                        -0.9999999403953552,
                        2.9802322387695312e-8,
                        1.1920928955078125e-7,
                        0.00007150347664719447
                    ],
                    "scale": [
                        1,
                        1,
                        1
                    ],
                    "rotation": 4.443986892700195,
                    "position": [
                        -159,
                        -578.1007080078125,
                        0
                    ],
                    "height": 599.8146362304688,
                    "weightHard": false,
                    "weightScale": [
                        1,
                        1,
                        1
                    ],
                    "mirrored": false,
                    "twinId": 0,
                    "flooded": false,
                    "pathable": false,
                    "mergeable": false,
                    "no_features": false
                },
                {
                    "spec": "/pa/terrain/metal/brushes/metal_structure_09.json",
                    "weight": [
                        0,
                        0,
                        0,
                        0
                    ],
                    "proj": "BP_Bend",
                    "op": "BO_Add",
                    "transform": [
                        1.159186524546385e-8,
                        0.2651909589767456,
                        0.964195728302002,
                        578.3387451171875,
                        1,
                        -4.371138828673793e-8,
                        -5.903800451772262e-17,
                        -3.541186238014728e-14,
                        4.2146336198811696e-8,
                        0.9641957879066467,
                        -0.2651909291744232,
                        -159.06541442871094
                    ],
                    "scale": [
                        1,
                        1,
                        1
                    ],
                    "rotation": 1.5707963705062866,
                    "position": [
                        578.1007080078125,
                        -3.5397290025322714e-14,
                        -159
                    ],
                    "height": 599.8146362304688,
                    "weightHard": false,
                    "weightScale": [
                        1,
                        1,
                        1
                    ],
                    "mirrored": false,
                    "twinId": 0,
                    "flooded": false,
                    "pathable": false,
                    "mergeable": false,
                    "no_features": false
                },
                {
                    "spec": "/pa/terrain/metal/brushes/metal_structure_09.json",
                    "weight": [
                        0,
                        0,
                        0,
                        0
                    ],
                    "proj": "BP_Bend",
                    "op": "BO_Add",
                    "transform": [
                        -1.1591880344496985e-8,
                        -0.26519131660461426,
                        0.9641956090927124,
                        578.3386840820312,
                        1,
                        -4.371138828673793e-8,
                        -5.903800451772262e-17,
                        -3.541186238014728e-14,
                        4.214633264609802e-8,
                        0.9641956686973572,
                        0.26519128680229187,
                        159.0656280517578
                    ],
                    "scale": [
                        1,
                        1,
                        1
                    ],
                    "rotation": 1.5707963705062866,
                    "position": [
                        578.1007080078125,
                        -3.5397290025322714e-14,
                        159
                    ],
                    "height": 599.8146362304688,
                    "weightHard": false,
                    "weightScale": [
                        1,
                        1,
                        1
                    ],
                    "mirrored": false,
                    "twinId": 0,
                    "flooded": false,
                    "pathable": false,
                    "mergeable": false,
                    "no_features": false
                },
                {
                    "spec": "/pa/terrain/metal/brushes/metal_structure_09.json",
                    "weight": [
                        0,
                        0,
                        0,
                        0
                    ],
                    "proj": "BP_Bend",
                    "op": "BO_Add",
                    "transform": [
                        9.685754776000977e-8,
                        -0.26519110798835754,
                        0.9641957879066467,
                        578.3387451171875,
                        1.9371509552001953e-7,
                        0.9641959071159363,
                        0.26519107818603516,
                        159.06549072265625,
                        -0.9999998807907104,
                        1.4901161193847656e-7,
                        1.1920928955078125e-7,
                        0.00007150347664719447
                    ],
                    "scale": [
                        1,
                        1,
                        1
                    ],
                    "rotation": 6.5515875816345215,
                    "position": [
                        578.1007080078125,
                        159,
                        0
                    ],
                    "height": 599.8146362304688,
                    "weightHard": false,
                    "weightScale": [
                        1,
                        1,
                        1
                    ],
                    "mirrored": false,
                    "twinId": 0,
                    "flooded": false,
                    "pathable": false,
                    "mergeable": false,
                    "no_features": false
                },
                {
                    "spec": "/pa/terrain/metal/brushes/metal_structure_09.json",
                    "weight": [
                        0,
                        0,
                        0,
                        0
                    ],
                    "proj": "BP_Bend",
                    "op": "BO_Add",
                    "transform": [
                        1.7881393432617188e-7,
                        0.26519107818603516,
                        0.9641957879066467,
                        580.2671508789062,
                        1.341104507446289e-7,
                        0.9641958475112915,
                        -0.26519107818603516,
                        -159.5958709716797,
                        -0.9999998807907104,
                        1.7881393432617188e-7,
                        1.1920928955078125e-7,
                        0.00007174189522629604
                    ],
                    "scale": [
                        1,
                        1,
                        1
                    ],
                    "rotation": 6.0147833824157715,
                    "position": [
                        578.1007080078125,
                        -159,
                        0
                    ],
                    "height": 601.8146362304688,
                    "weightHard": false,
                    "weightScale": [
                        1,
                        1,
                        1
                    ],
                    "mirrored": false,
                    "twinId": 0,
                    "flooded": false,
                    "pathable": false,
                    "mergeable": false,
                    "no_features": false
                },
                {
                    "spec": "/pa/terrain/metal/brushes/metal_structure_09.json",
                    "weight": [
                        0,
                        0,
                        0,
                        0
                    ],
                    "proj": "BP_Bend",
                    "op": "BO_Add",
                    "transform": [
                        -1,
                        8.742277657347586e-8,
                        1.1807602227033504e-16,
                        7.082372476029455e-14,
                        2.31837304909277e-8,
                        0.2651909589767456,
                        0.9641957879066467,
                        578.3387451171875,
                        8.429267239762339e-8,
                        0.9641957879066467,
                        -0.2651909589767456,
                        -159.06541442871094
                    ],
                    "scale": [
                        1,
                        1,
                        1
                    ],
                    "rotation": 3.1415927410125732,
                    "position": [
                        7.079458005064543e-14,
                        578.1007080078125,
                        -159
                    ],
                    "height": 599.8146362304688,
                    "weightHard": false,
                    "weightScale": [
                        1,
                        1,
                        1
                    ],
                    "mirrored": false,
                    "twinId": 0,
                    "flooded": false,
                    "pathable": false,
                    "mergeable": false,
                    "no_features": false
                },
                {
                    "spec": "/pa/terrain/metal/brushes/metal_structure_09.json",
                    "weight": [
                        0,
                        0,
                        0,
                        0
                    ],
                    "proj": "BP_Bend",
                    "op": "BO_Add",
                    "transform": [
                        -1,
                        8.742277657347586e-8,
                        1.1807602227033504e-16,
                        7.082372476029455e-14,
                        -2.318376068899397e-8,
                        -0.26519131660461426,
                        0.9641956686973572,
                        578.3386840820312,
                        8.429266529219603e-8,
                        0.9641956686973572,
                        0.26519131660461426,
                        159.0656280517578
                    ],
                    "scale": [
                        1,
                        1,
                        1
                    ],
                    "rotation": 3.1415927410125732,
                    "position": [
                        7.079458005064543e-14,
                        578.1007080078125,
                        159
                    ],
                    "height": 599.8146362304688,
                    "weightHard": false,
                    "weightScale": [
                        1,
                        1,
                        1
                    ],
                    "mirrored": false,
                    "twinId": 0,
                    "flooded": false,
                    "pathable": false,
                    "mergeable": false,
                    "no_features": false
                },
                {
                    "spec": "/pa/terrain/metal/brushes/metal_structure_09.json",
                    "weight": [
                        0,
                        0,
                        0,
                        0
                    ],
                    "proj": "BP_Bend",
                    "op": "BO_Add",
                    "transform": [
                        -3.5762786865234375e-7,
                        -0.9641958475112915,
                        -0.26519107818603516,
                        -159.06549072265625,
                        5.21540641784668e-8,
                        -0.26519107818603516,
                        0.9641957879066467,
                        578.3387451171875,
                        -0.9999998807907104,
                        3.2782554626464844e-7,
                        1.1920928955078125e-7,
                        0.00007150347664719447
                    ],
                    "scale": [
                        1,
                        1,
                        1
                    ],
                    "rotation": 8.122384071350098,
                    "position": [
                        -159,
                        578.1007080078125,
                        0
                    ],
                    "height": 599.8146362304688,
                    "weightHard": false,
                    "weightScale": [
                        1,
                        1,
                        1
                    ],
                    "mirrored": false,
                    "twinId": 0,
                    "flooded": false,
                    "pathable": false,
                    "mergeable": false,
                    "no_features": false
                },
                {
                    "spec": "/pa/terrain/metal/brushes/metal_structure_09.json",
                    "weight": [
                        0,
                        0,
                        0,
                        0
                    ],
                    "proj": "BP_Bend",
                    "op": "BO_Add",
                    "transform": [
                        1.6391277313232422e-7,
                        -0.9641959071159363,
                        0.26519107818603516,
                        159.06549072265625,
                        1.043081283569336e-7,
                        0.26519110798835754,
                        0.9641957879066467,
                        578.3387451171875,
                        -0.9999998807907104,
                        -1.1920928955078125e-7,
                        1.1920928955078125e-7,
                        0.00007150347664719447
                    ],
                    "scale": [
                        1,
                        1,
                        1
                    ],
                    "rotation": 7.5855793952941895,
                    "position": [
                        159,
                        578.1007080078125,
                        0
                    ],
                    "height": 599.8146362304688,
                    "weightHard": false,
                    "weightScale": [
                        1,
                        1,
                        1
                    ],
                    "mirrored": false,
                    "twinId": 0,
                    "flooded": false,
                    "pathable": false,
                    "mergeable": false,
                    "no_features": false
                },
                {
                    "spec": "/pa/terrain/metal/brushes/metal_structure_09.json",
                    "weight": [
                        0,
                        0,
                        0,
                        0
                    ],
                    "proj": "BP_Bend",
                    "op": "BO_Add",
                    "transform": [
                        -3.162370809661752e-9,
                        -0.2651909589767456,
                        -0.9641957879066467,
                        -578.3387451171875,
                        -1,
                        1.1924880638503055e-8,
                        1.7711404664039237e-16,
                        1.062355973048372e-13,
                        1.1497919949476909e-8,
                        0.9641957879066467,
                        -0.2651909589767456,
                        -159.06541442871094
                    ],
                    "scale": [
                        1,
                        1,
                        1
                    ],
                    "rotation": 4.71238899230957,
                    "position": [
                        -578.1007080078125,
                        1.0619187007596814e-13,
                        -159
                    ],
                    "height": 599.8146362304688,
                    "weightHard": false,
                    "weightScale": [
                        1,
                        1,
                        1
                    ],
                    "mirrored": false,
                    "twinId": 0,
                    "flooded": false,
                    "pathable": false,
                    "mergeable": false,
                    "no_features": false
                },
                {
                    "spec": "/pa/terrain/metal/brushes/metal_structure_09.json",
                    "weight": [
                        0,
                        0,
                        0,
                        0
                    ],
                    "proj": "BP_Bend",
                    "op": "BO_Add",
                    "transform": [
                        3.1623745844200357e-9,
                        0.26519131660461426,
                        -0.9641956686973572,
                        -578.3386840820312,
                        -1,
                        1.1924880638503055e-8,
                        1.7711404664039237e-16,
                        1.062355973048372e-13,
                        1.149791817312007e-8,
                        0.9641956686973572,
                        0.26519131660461426,
                        159.0656280517578
                    ],
                    "scale": [
                        1,
                        1,
                        1
                    ],
                    "rotation": 4.71238899230957,
                    "position": [
                        -578.1007080078125,
                        1.0619187007596814e-13,
                        159
                    ],
                    "height": 599.8146362304688,
                    "weightHard": false,
                    "weightScale": [
                        1,
                        1,
                        1
                    ],
                    "mirrored": false,
                    "twinId": 0,
                    "flooded": false,
                    "pathable": false,
                    "mergeable": false,
                    "no_features": false
                },
                {
                    "spec": "/pa/terrain/metal/brushes/metal_structure_09.json",
                    "weight": [
                        0,
                        0,
                        0,
                        0
                    ],
                    "proj": "BP_Bend",
                    "op": "BO_Add",
                    "transform": [
                        -1.341104507446289e-7,
                        0.26519107818603516,
                        -0.9641957879066467,
                        -578.3387451171875,
                        -4.470348358154297e-8,
                        -0.9641958475112915,
                        -0.26519107818603516,
                        -159.06549072265625,
                        -0.9999998807907104,
                        0,
                        1.1920928955078125e-7,
                        0.00007150347664719447
                    ],
                    "scale": [
                        1,
                        1,
                        1
                    ],
                    "rotation": 9.693180084228516,
                    "position": [
                        -578.1007080078125,
                        -159,
                        0
                    ],
                    "height": 599.8146362304688,
                    "weightHard": false,
                    "weightScale": [
                        1,
                        1,
                        1
                    ],
                    "mirrored": false,
                    "twinId": 0,
                    "flooded": false,
                    "pathable": false,
                    "mergeable": false,
                    "no_features": false
                },
                {
                    "spec": "/pa/terrain/metal/brushes/metal_structure_09.json",
                    "weight": [
                        0,
                        0,
                        0,
                        0
                    ],
                    "proj": "BP_Bend",
                    "op": "BO_Add",
                    "transform": [
                        -1.4156103134155273e-7,
                        -0.26519110798835754,
                        -0.9641957879066467,
                        -578.3387451171875,
                        0,
                        -0.9641959071159363,
                        0.26519107818603516,
                        159.06549072265625,
                        -0.9999999403953552,
                        2.9802322387695312e-8,
                        1.1920928955078125e-7,
                        0.00007150347664719447
                    ],
                    "scale": [
                        1,
                        1,
                        1
                    ],
                    "rotation": 9.156375885009766,
                    "position": [
                        -578.1007080078125,
                        159,
                        0
                    ],
                    "height": 599.8146362304688,
                    "weightHard": false,
                    "weightScale": [
                        1,
                        1,
                        1
                    ],
                    "mirrored": false,
                    "twinId": 0,
                    "flooded": false,
                    "pathable": false,
                    "mergeable": false,
                    "no_features": false
                },
                {
                    "spec": "/pa/terrain/metal/brushes/metal_structure_06.json",
                    "weight": [
                        0,
                        0,
                        0,
                        0
                    ],
                    "proj": "BP_Bend",
                    "op": "BO_Add",
                    "transform": [
                        -0.46833860874176025,
                        0,
                        0.8835492134094238,
                        529.5045776367188,
                        0,
                        1,
                        0,
                        0,
                        -0.8835492134094238,
                        0,
                        -0.46833860874176025,
                        -280.6719055175781
                    ],
                    "scale": [
                        1,
                        1,
                        1
                    ],
                    "rotation": 0,
                    "position": [
                        529.5045166015625,
                        0,
                        -280.67181396484375
                    ],
                    "height": 599.2926635742188,
                    "weightHard": false,
                    "weightScale": [
                        1,
                        1,
                        1
                    ],
                    "mirrored": false,
                    "twinId": 0,
                    "flooded": false,
                    "pathable": false,
                    "mergeable": false,
                    "no_features": false
                },
                {
                    "spec": "/pa/terrain/metal/brushes/metal_structure_06.json",
                    "weight": [
                        0,
                        0,
                        0,
                        0
                    ],
                    "proj": "BP_Bend",
                    "op": "BO_Add",
                    "transform": [
                        0.4683385491371155,
                        0,
                        0.8835490345954895,
                        529.5044555664062,
                        0,
                        1,
                        0,
                        0,
                        -0.8835490345954895,
                        0,
                        0.4683385491371155,
                        280.6718444824219
                    ],
                    "scale": [
                        1,
                        1,
                        1
                    ],
                    "rotation": 0,
                    "position": [
                        529.5045166015625,
                        0,
                        280.67181396484375
                    ],
                    "height": 599.2926635742188,
                    "weightHard": false,
                    "weightScale": [
                        1,
                        1,
                        1
                    ],
                    "mirrored": false,
                    "twinId": 0,
                    "flooded": false,
                    "pathable": false,
                    "mergeable": false,
                    "no_features": false
                },
                {
                    "spec": "/pa/terrain/metal/brushes/metal_structure_06.json",
                    "weight": [
                        0,
                        0,
                        0,
                        0
                    ],
                    "proj": "BP_Bend",
                    "op": "BO_Add",
                    "transform": [
                        -4.371138828673793e-8,
                        -1,
                        5.409999764985461e-17,
                        3.2421734432385926e-14,
                        -0.46833860874176025,
                        2.047173097707855e-8,
                        0.883549153804779,
                        529.5045776367188,
                        -0.8835492134094238,
                        3.8621163156449256e-8,
                        -0.46833857893943787,
                        -280.6719055175781
                    ],
                    "scale": [
                        1,
                        1,
                        1
                    ],
                    "rotation": 1.5707963705062866,
                    "position": [
                        3.242173104425414e-14,
                        529.5045166015625,
                        -280.67181396484375
                    ],
                    "height": 599.2926635742188,
                    "weightHard": false,
                    "weightScale": [
                        1,
                        1,
                        1
                    ],
                    "mirrored": false,
                    "twinId": 0,
                    "flooded": false,
                    "pathable": false,
                    "mergeable": false,
                    "no_features": false
                },
                {
                    "spec": "/pa/terrain/metal/brushes/metal_structure_06.json",
                    "weight": [
                        0,
                        0,
                        0,
                        0
                    ],
                    "proj": "BP_Bend",
                    "op": "BO_Add",
                    "transform": [
                        -4.371138828673793e-8,
                        -1,
                        5.409998772368726e-17,
                        3.242172765612235e-14,
                        0.4683385491371155,
                        -2.0471727424364872e-8,
                        0.8835489749908447,
                        529.5044555664062,
                        -0.8835490345954895,
                        3.86211560510219e-8,
                        0.4683385193347931,
                        280.6718444824219
                    ],
                    "scale": [
                        1,
                        1,
                        1
                    ],
                    "rotation": 1.5707963705062866,
                    "position": [
                        3.242173104425414e-14,
                        529.5045166015625,
                        280.67181396484375
                    ],
                    "height": 599.2926635742188,
                    "weightHard": false,
                    "weightScale": [
                        1,
                        1,
                        1
                    ],
                    "mirrored": false,
                    "twinId": 0,
                    "flooded": false,
                    "pathable": false,
                    "mergeable": false,
                    "no_features": false
                },
                {
                    "spec": "/pa/terrain/metal/brushes/metal_structure_06.json",
                    "weight": [
                        0,
                        0,
                        0,
                        0
                    ],
                    "proj": "BP_Bend",
                    "op": "BO_Add",
                    "transform": [
                        0.46833860874176025,
                        -4.09434619541571e-8,
                        -0.8835492134094238,
                        -529.5045776367188,
                        -8.742277657347586e-8,
                        -1,
                        1.0820000191715413e-16,
                        6.484346886477185e-14,
                        -0.8835492134094238,
                        7.724232631289851e-8,
                        -0.46833860874176025,
                        -280.6719055175781
                    ],
                    "scale": [
                        1,
                        1,
                        1
                    ],
                    "rotation": 3.1415927410125732,
                    "position": [
                        -529.5045166015625,
                        6.484346208850827e-14,
                        -280.67181396484375
                    ],
                    "height": 599.2926635742188,
                    "weightHard": false,
                    "weightScale": [
                        1,
                        1,
                        1
                    ],
                    "mirrored": false,
                    "twinId": 0,
                    "flooded": false,
                    "pathable": false,
                    "mergeable": false,
                    "no_features": false
                },
                {
                    "spec": "/pa/terrain/metal/brushes/metal_structure_06.json",
                    "weight": [
                        0,
                        0,
                        0,
                        0
                    ],
                    "proj": "BP_Bend",
                    "op": "BO_Add",
                    "transform": [
                        -0.4683385491371155,
                        4.0943454848729743e-8,
                        -0.8835490345954895,
                        -529.5044555664062,
                        -8.742277657347586e-8,
                        -1,
                        1.0819998206481942e-16,
                        6.48434553122447e-14,
                        -0.8835490345954895,
                        7.72423121020438e-8,
                        0.4683385491371155,
                        280.6718444824219
                    ],
                    "scale": [
                        1,
                        1,
                        1
                    ],
                    "rotation": 3.1415927410125732,
                    "position": [
                        -529.5045166015625,
                        6.484346208850827e-14,
                        280.67181396484375
                    ],
                    "height": 599.2926635742188,
                    "weightHard": false,
                    "weightScale": [
                        1,
                        1,
                        1
                    ],
                    "mirrored": false,
                    "twinId": 0,
                    "flooded": false,
                    "pathable": false,
                    "mergeable": false,
                    "no_features": false
                },
                {
                    "spec": "/pa/terrain/metal/brushes/metal_structure_06.json",
                    "weight": [
                        0,
                        0,
                        0,
                        0
                    ],
                    "proj": "BP_Bend",
                    "op": "BO_Add",
                    "transform": [
                        1.1924880638503055e-8,
