{
    "name": "Ice Giants 1v1 Shared",
    "creator": "TheEffectTheCause",
    "version": "1",
    "description": "A medium sized ice planet for fast paced non stop 1v1 action, also plays well with shared armies.",
    "players": [
        2,
        8
    ],
    "planets": [
        {
            "name": "Ice Construct 31a4cb5",
            "mass": 10000,
            "position_x": -42500,
            "position_y": -16200,
            "velocity_x": 37.344661712646484,
            "velocity_y": -97.97209167480469,
            "required_thrust_to_move": 0,
            "starting_planet": true,
            "respawn": false,
            "start_destroyed": false,
            "min_spawn_delay": 0,
            "max_spawn_delay": 0,
            "planet": {
                "seed": 1158194048,
                "radius": 500,
                "heightRange": 35,
                "waterHeight": 34,
                "waterDepth": 100,
                "temperature": 0,
                "metalDensity": 50,
                "metalClusters": 50,
                "metalSpotLimit": -1,
                "biomeScale": 50,
                "biome": "earth",
                "symmetryType": "terrain and CSG",
                "symmetricalMetal": true,
                "symmetricalStarts": true,
                "numArmies": 2,
                "landingZonesPerArmy": 2,
                "landingZoneSize": 90
            },
            "source": {
                "metal_spots": [
                    [
                        130.40655517578125,
                        -53.628997802734375,
                        471.3314208984375
                    ],
                    [
                        130.40655517578125,
                        -53.628997802734375,
                        -471.3314208984375
                    ],
                    [
                        147.27085876464844,
                        -340.42205810546875,
                        328.3841552734375
                    ],
                    [
                        147.27085876464844,
                        -340.42205810546875,
                        -328.3841552734375
                    ],
                    [
                        78.70889282226562,
                        -376.6634216308594,
                        315.577392578125
                    ],
                    [
                        78.70889282226562,
                        -376.6634216308594,
                        -315.577392578125
                    ],
                    [
                        6.454498291015625,
                        -397.2950744628906,
                        303.4844970703125
                    ],
                    [
                        6.454498291015625,
                        -397.2950744628906,
                        -303.4844970703125
                    ],
                    [
                        -150.15139770507812,
                        -347.94451904296875,
                        335.25189208984375
                    ],
                    [
                        -150.15139770507812,
                        -347.94451904296875,
                        -335.25189208984375
                    ],
                    [
                        -201.3444061279297,
                        -222.006591796875,
                        401.10882568359375
                    ],
                    [
                        -201.3444061279297,
                        -222.006591796875,
                        -401.10882568359375
                    ],
                    [
                        -318.8166198730469,
                        349.0875244140625,
                        179.93765258789062
                    ],
                    [
                        -318.8166198730469,
                        349.0875244140625,
                        -179.93765258789062
                    ],
                    [
                        -398.9931640625,
                        260.554931640625,
                        162.8841552734375
                    ],
                    [
                        -398.9931640625,
                        260.554931640625,
                        -162.8841552734375
                    ],
                    [
                        -421.270263671875,
                        183.16683959960938,
                        223.81802368164062
                    ],
                    [
                        -421.270263671875,
                        183.16683959960938,
                        -223.81802368164062
                    ],
                    [
                        -428.953857421875,
                        -219.54617309570312,
                        76.93402099609375
                    ],
                    [
                        -428.953857421875,
                        -219.54617309570312,
                        -76.93402099609375
                    ],
                    [
                        -505.55963134765625,
                        -23.819320678710938,
                        55.362548828125
                    ],
                    [
                        -505.55963134765625,
                        -23.819320678710938,
                        -55.362548828125
                    ],
                    [
                        -477.59521484375,
                        -139.02928161621094,
                        0.16526412963867188
                    ],
                    [
                        -7.17108154296875,
                        465.529541015625,
                        150.04916381835938
                    ],
                    [
                        -7.17108154296875,
                        465.529541015625,
                        -150.04916381835938
                    ],
                    [
                        247.468505859375,
                        423.8051452636719,
                        -0.3356056213378906
                    ],
                    [
                        347.8734130859375,
                        252.92312622070312,
                        259.36053466796875
                    ],
                    [
                        347.8734130859375,
                        252.92312622070312,
                        -259.36053466796875
                    ],
                    [
                        277.13031005859375,
                        230.36843872070312,
                        361.0326843261719
                    ],
                    [
                        277.13031005859375,
                        230.36843872070312,
                        -361.0326843261719
                    ],
                    [
                        -190.58612060546875,
                        248.68338012695312,
                        378.689697265625
                    ],
                    [
                        -190.58612060546875,
                        248.68338012695312,
                        -378.689697265625
                    ],
                    [
                        -244.97393798828125,
                        183.41807556152344,
                        385.08514404296875
                    ],
                    [
                        -244.97393798828125,
                        183.41807556152344,
                        -385.08514404296875
                    ],
                    [
                        -140.90428161621094,
                        436.92742919921875,
                        181.44375610351562
                    ],
                    [
                        -140.90428161621094,
                        436.92742919921875,
                        -181.44375610351562
                    ],
                    [
                        -236.9266815185547,
                        445.0107727050781,
                        -0.3466987609863281
                    ],
                    [
                        -447.1504211425781,
                        227.5370330810547,
                        -0.28585052490234375
                    ],
                    [
                        -391.8321533203125,
                        48.802032470703125,
                        313.08966064453125
                    ],
                    [
                        -391.8321533203125,
                        48.802032470703125,
                        -313.08966064453125
                    ],
                    [
                        -267.1314392089844,
                        -30.199722290039062,
                        -414.9739990234375
                    ],
                    [
                        -267.1314392089844,
                        -30.199722290039062,
                        414.9739990234375
                    ],
                    [
                        176.19973754882812,
                        154.27801513671875,
                        -416.697509765625
                    ],
                    [
                        176.19973754882812,
                        154.27801513671875,
                        416.697509765625
                    ],
                    [
                        -8.74609375,
                        405.66748046875,
                        -245.37481689453125
                    ],
                    [
                        -8.74609375,
                        405.66748046875,
                        245.37481689453125
                    ],
                    [
                        132.88623046875,
                        437.930908203125,
                        -111.42987060546875
                    ],
                    [
                        132.88623046875,
                        437.930908203125,
                        111.42987060546875
                    ],
                    [
                        306.216552734375,
                        335.9312744140625,
                        -135.5595703125
                    ],
                    [
                        306.216552734375,
                        335.9312744140625,
                        135.5595703125
                    ],
                    [
                        -139.98019409179688,
                        -443.0916748046875,
                        -155.30078125
                    ],
                    [
                        -139.98019409179688,
                        -443.0916748046875,
                        155.30078125
                    ],
                    [
                        129.27828979492188,
                        -447.9481201171875,
                        171.11105346679688
                    ],
                    [
                        129.27828979492188,
                        -447.9481201171875,
                        -171.11105346679688
                    ],
                    [
                        310.93505859375,
                        -200.58505249023438,
                        329.3302001953125
                    ],
                    [
                        310.93505859375,
                        -200.58505249023438,
                        -329.3302001953125
                    ],
                    [
                        358.5474853515625,
                        -223.50286865234375,
                        270.0141906738281
                    ],
                    [
                        358.5474853515625,
                        -223.50286865234375,
                        -270.0141906738281
                    ],
                    [
                        480.33404541015625,
                        -65.16385650634766,
                        120.6951904296875
                    ],
                    [
                        480.33404541015625,
                        -65.16385650634766,
                        -120.6951904296875
                    ],
                    [
                        467.6728515625,
                        2.385498046875,
                        175.42416381835938
                    ],
                    [
                        467.6728515625,
                        2.385498046875,
                        -175.42416381835938
                    ],
                    [
                        474.0330810546875,
                        106.50161743164062,
                        -91.75099182128906
                    ],
                    [
                        474.0330810546875,
                        106.50161743164062,
                        91.75099182128906
                    ],
                    [
                        420.470947265625,
                        220.87142944335938,
                        -123.89466094970703
                    ],
                    [
                        420.470947265625,
                        220.87142944335938,
                        123.89466094970703
                    ],
                    [
                        456.8681640625,
                        191.869140625,
                        -0.29425621032714844
                    ],
                    [
                        407.4293212890625,
                        -289.23406982421875,
                        0.2408123016357422
                    ],
                    [
                        -27.513172149658203,
                        -486.4992980957031,
                        -0.059642791748046875
                    ],
                    [
                        56.793766021728516,
                        -485.095703125,
                        0.5045280456542969
                    ],
                    [
                        -215.24688720703125,
                        -364.76336669921875,
                        -215.03692626953125
                    ],
                    [
                        -215.24688720703125,
                        -364.76336669921875,
                        215.03692626953125
                    ],
                    [
                        -342.513671875,
                        -313.2786560058594,
                        -108.28654479980469
                    ],
                    [
                        -342.513671875,
                        -313.2786560058594,
                        108.28654479980469
                    ],
                    [
                        -336.48736572265625,
                        -203.48831176757812,
                        -276.4843444824219
                    ],
                    [
                        -336.48736572265625,
                        -203.48831176757812,
                        276.4843444824219
                    ],
                    [
                        280.7117919921875,
                        -407.80499267578125,
                        -52.002662658691406
                    ],
                    [
                        280.7117919921875,
                        -407.80499267578125,
                        52.002662658691406
                    ],
                    [
                        -109.27975463867188,
                        -95.78233337402344,
                        -480.13165283203125
                    ],
                    [
                        -109.27975463867188,
                        -95.78233337402344,
                        480.13165283203125
                    ],
                    [
                        -17.26617431640625,
                        -87.76313781738281,
                        -488.8636474609375
                    ],
                    [
                        -17.26617431640625,
                        -87.76313781738281,
                        488.8636474609375
                    ],
                    [
                        -104.84150695800781,
                        103.64706420898438,
                        -470.91180419921875
                    ],
                    [
                        -104.84150695800781,
                        103.64706420898438,
                        470.91180419921875
                    ],
                    [
                        -15.07558822631836,
                        155.77841186523438,
                        -464.22607421875
                    ],
                    [
                        -15.07558822631836,
                        155.77841186523438,
                        464.22607421875
                    ]
                ],
                "landing_zones": {
                    "list": [
                        [
                            -65.273681640625,
                            9.403877258300781,
                            492.953125
                        ],
                        [
                            -65.273681640625,
                            9.403877258300781,
                            -492.953125
                        ]
                    ],
                    "rules": [
                        {
                            "min": 0,
                            "max": 10
                        },
                        {
                            "min": 0,
                            "max": 10
                        }
                    ]
                }
            },
            "planetCSG": [
                {
                    "weight": [
                        1,
                        1,
                        1,
                        1
                    ],
                    "spec": "/pa/terrain/ice/brushes/ice_cliff_11.json",
                    "proj": "BP_Bend",
                    "transform": [
                        -0.019450247287750244,
                        0.5678225159645081,
                        -0.822921097278595,
                        -413.6932678222656,
                        -0.31334978342056274,
                        0.7781467437744141,
                        0.5443339347839355,
                        273.6438293457031,
                        0.9494384527206421,
                        0.2684495747089386,
                        0.162791907787323,
                        81.83763885498047
                    ],
                    "op": "BO_Add",
                    "rotation": 5.423239231109619,
                    "scale": [
                        1,
                        1,
                        1
                    ],
                    "height": 502.7131652832031,
                    "position": [
                        -413.6933288574219,
                        273.6438903808594,
                        81.83751678466797
                    ],
                    "weightHard": false,
                    "weightScale": [
                        1,
                        1,
                        1
                    ],
                    "mirrored": false,
                    "twinId": 0,
                    "flooded": false,
                    "pathable": false,
                    "mergeable": false,
                    "no_features": false
                },
                {
                    "weight": [
                        1,
                        1,
                        1,
                        1
                    ],
                    "spec": "/pa/terrain/ice/brushes/ice_cliff_11.json",
                    "proj": "BP_Bend",
                    "transform": [
                        -0.912123441696167,
                        -0.2924233376979828,
                        -0.28726181387901306,
                        -139.1055450439453,
                        0.4015656113624573,
                        -0.4967065155506134,
                        -0.7694332003593445,
                        -372.5953674316406,
                        0.08231541514396667,
                        -0.8171725869178772,
                        0.5704848170280457,
                        276.25531005859375
                    ],
                    "op": "BO_Add",
                    "rotation": 2.68388295173645,
                    "scale": [
                        1,
                        1,
                        1
                    ],
                    "height": 484.24652099609375,
                    "position": [
                        -139.10556030273438,
                        -372.59539794921875,
                        276.2553405761719
                    ],
                    "weightHard": false,
                    "weightScale": [
                        1,
                        1,
                        1
                    ],
                    "mirrored": false,
                    "twinId": 0,
                    "flooded": false,
                    "pathable": false,
                    "mergeable": false,
                    "no_features": false
                },
                {
                    "weight": [
                        1,
                        1,
                        1,
                        1
                    ],
                    "spec": "/pa/terrain/ice/brushes/ice_cliff_11.json",
                    "proj": "BP_Bend",
                    "transform": [
                        0.44057497382164,
                        0.8937965631484985,
                        -0.08379411697387695,
                        -41.4583625793457,
                        -0.03125390782952309,
                        0.10855649411678314,
                        0.993598997592926,
                        491.59759521484375,
                        0.8971717357635498,
                        -0.43513593077659607,
                        0.07576191425323486,
                        37.48431396484375
                    ],
                    "op": "BO_Add",
                    "rotation": 5.248106479644775,
                    "scale": [
                        1,
                        1,
                        1
                    ],
                    "height": 494.76458740234375,
                    "position": [
                        -41.45835876464844,
                        491.5975341796875,
                        37.48442459106445
                    ],
                    "weightHard": false,
                    "weightScale": [
                        1,
                        1,
                        1
                    ],
                    "mirrored": false,
                    "twinId": 0,
                    "flooded": false,
                    "pathable": false,
                    "mergeable": false,
                    "no_features": false
                },
                {
                    "weight": [
                        1,
                        1,
                        1,
                        1
                    ],
                    "spec": "/pa/terrain/ice/brushes/ice_cliff_10.json",
                    "proj": "BP_Bend",
                    "transform": [
                        0.7565200924873352,
                        0.5002673268318176,
                        0.4212006628513336,
                        208.8532257080078,
                        -0.01741991937160492,
                        0.6592535972595215,
                        -0.7517188787460327,
                        -372.7413635253906,
                        -0.6537383794784546,
                        0.5613531470298767,
                        0.507453203201294,
                        251.62171936035156
                    ],
                    "op": "BO_Add",
                    "rotation": 5.932631015777588,
                    "scale": [
                        1,
                        1,
                        1
                    ],
                    "height": 495.8520812988281,
                    "position": [
                        208.85324096679688,
                        -372.74139404296875,
                        251.6217041015625
                    ],
                    "weightHard": false,
                    "weightScale": [
                        1,
                        1,
                        1
                    ],
                    "mirrored": false,
                    "twinId": 0,
                    "flooded": false,
                    "pathable": false,
                    "mergeable": false,
                    "no_features": false
                },
                {
                    "weight": [
                        1,
                        1,
                        1,
                        1
                    ],
                    "spec": "/pa/terrain/ice/brushes/ice_cliff_03.json",
                    "proj": "BP_Bend",
                    "transform": [
                        -0.9852762818336487,
                        -0.16924934089183807,
                        0.024192404001951218,
                        12.198807716369629,
                        0.06534335762262344,
                        -0.5035353302955627,
                        -0.8615001440048218,
                        -434.4039001464844,
                        0.15799005329608917,
                        -0.8472349047660828,
                        0.5071806907653809,
                        255.74142456054688
                    ],
                    "op": "BO_Add",
                    "rotation": 2.985307216644287,
                    "scale": [
                        1,
                        1,
                        1
                    ],
                    "height": 504.2412414550781,
                    "position": [
                        12.198806762695312,
                        -434.40386962890625,
                        255.74143981933594
                    ],
                    "weightHard": false,
                    "weightScale": [
                        1,
                        1,
                        1
                    ],
                    "mirrored": false,
                    "twinId": 0,
                    "flooded": false,
                    "pathable": false,
                    "mergeable": false,
                    "no_features": false
                },
                {
                    "weight": [
                        1,
                        1,
                        1,
                        1
                    ],
                    "spec": "/pa/terrain/ice/brushes/ice_cliff_01.json",
                    "proj": "BP_Bend",
                    "transform": [
                        0.5509015321731567,
                        0.17414633929729462,
                        -0.8161988854408264,
                        -405.9291076660156,
                        -0.44489869475364685,
                        0.8887166976928711,
                        -0.1106698215007782,
                        -55.04063034057617,
                        0.7060968279838562,
                        0.42409396171569824,
                        0.5670728087425232,
                        282.02850341796875
                    ],
                    "op": "BO_Add",
                    "rotation": 5.877081871032715,
                    "scale": [
                        1,
                        1,
                        1
                    ],
                    "height": 497.3409118652344,
                    "position": [
                        -405.9290771484375,
                        -55.04063034057617,
                        282.02850341796875
                    ],
                    "weightHard": false,
                    "weightScale": [
                        1,
                        1,
                        1
                    ],
                    "mirrored": false,
                    "twinId": 0,
                    "flooded": false,
                    "pathable": false,
                    "mergeable": false,
                    "no_features": false
                },
                {
                    "weight": [
                        1,
                        1,
                        1,
                        1
                    ],
                    "spec": "/pa/terrain/ice/brushes/ice_cliff_04.json",
                    "proj": "BP_Bend",
                    "transform": [
                        0.47070884704589844,
                        -0.26932498812675476,
                        0.8401769399642944,
                        424.0013427734375,
                        0.8662413954734802,
                        -0.039720624685287476,
                        -0.4980442523956299,
                        -251.34161376953125,
                        0.1675080955028534,
                        0.9622299075126648,
                        0.21460360288619995,
                        108.30125427246094
                    ],
                    "op": "BO_Add",
                    "rotation": 1.2080549001693726,
                    "scale": [
                        1,
                        1,
                        1
                    ],
                    "height": 504.6571960449219,
                    "position": [
                        424.0013122558594,
                        -251.34161376953125,
                        108.30130767822266
                    ],
                    "weightHard": false,
                    "weightScale": [
                        1,
                        1,
                        1
                    ],
                    "mirrored": false,
                    "twinId": 0,
                    "flooded": false,
                    "pathable": false,
                    "mergeable": false,
                    "no_features": false
                },
                {
                    "weight": [
                        1,
                        1,
                        1,
                        1
                    ],
                    "spec": "/pa/terrain/ice/brushes/ice_cliff_04.json",
                    "proj": "BP_Bend",
                    "transform": [
                        -0.6668617725372314,
                        -0.4540214538574219,
                        0.5908975601196289,
                        296.27191162109375,
                        -0.3025677502155304,
                        -0.5596793293952942,
                        -0.7714996933937073,
                        -386.8245544433594,
                        0.6809905767440796,
                        -0.6932701468467712,
                        0.2358565330505371,
                        118.2568130493164
                    ],
                    "op": "BO_Add",
                    "rotation": 3.0187342166900635,
                    "scale": [
                        1,
                        1,
                        1
                    ],
                    "height": 501.39300537109375,
                    "position": [
                        296.27191162109375,
                        -386.8245544433594,
                        118.2568130493164
                    ],
                    "weightHard": false,
                    "weightScale": [
                        1,
                        1,
                        1
                    ],
                    "mirrored": false,
                    "twinId": 0,
                    "flooded": false,
                    "pathable": false,
                    "mergeable": false,
                    "no_features": false
                },
                {
                    "weight": [
                        1,
                        1,
                        1,
                        1
                    ],
                    "spec": "/pa/terrain/ice/brushes/ice_cliff_03.json",
                    "proj": "BP_Bend",
                    "transform": [
                        -0.7349100112915039,
                        0.052541255950927734,
                        -0.6761263012886047,
                        -343.062255859375,
                        -0.6761264801025391,
                        0.02047199010848999,
                        0.7365010380744934,
                        373.6960144042969,
                        0.05253830552101135,
                        0.998408854007721,
                        0.020479440689086914,
                        10.39113998413086
                    ],
                    "op": "BO_Add",
                    "rotation": 3.9368510246276855,
                    "scale": [
                        1,
                        1,
                        1
                    ],
                    "height": 507.39373779296875,
                    "position": [
                        -343.0622253417969,
                        373.6960144042969,
                        10.391121864318848
                    ],
                    "weightHard": false,
                    "weightScale": [
                        1,
                        1,
                        1
                    ],
                    "mirrored": false,
                    "twinId": 0,
                    "flooded": false,
                    "pathable": false,
                    "mergeable": false,
                    "no_features": false
                },
                {
                    "weight": [
                        1,
                        1,
                        1,
                        1
                    ],
                    "spec": "/pa/terrain/ice/brushes/ice_cliff_04.json",
                    "proj": "BP_Bend",
                    "transform": [
                        -0.5207890868186951,
                        -0.28188198804855347,
                        -0.8058046698570251,
                        -392.6711120605469,
                        0.7263301014900208,
                        0.3496825695037842,
                        -0.5917487144470215,
                        -288.3609924316406,
                        0.44857919216156006,
                        -0.8934565782546997,
                        0.022628484293818474,
                        11.026930809020996
                    ],
                    "op": "BO_Add",
                    "rotation": 1.7389073371887207,
                    "scale": [
                        1,
                        1,
                        1
                    ],
                    "height": 487.3030700683594,
                    "position": [
                        -392.6710510253906,
                        -288.3609924316406,
                        11.026887893676758
                    ],
                    "weightHard": false,
                    "weightScale": [
                        1,
                        1,
                        1
                    ],
                    "mirrored": false,
                    "twinId": 0,
                    "flooded": false,
                    "pathable": false,
                    "mergeable": false,
                    "no_features": false
                },
                {
                    "weight": [
                        1,
                        1,
                        1,
                        1
                    ],
                    "spec": "/pa/terrain/ice/brushes/ice_cliff_04.json",
                    "proj": "BP_Bend",
                    "transform": [
                        0.9360169768333435,
                        0.1605788916349411,
                        0.31318798661231995,
                        155.45655822753906,
                        0.19339662790298462,
                        0.5088062882423401,
                        -0.8388766646385193,
                        -416.3916931152344,
                        -0.2940578758716583,
                        0.8457722663879395,
                        0.44519585371017456,
                        220.98106384277344
                    ],
                    "op": "BO_Add",
                    "rotation": 0.022710107266902924,
                    "scale": [
                        1,
                        1,
                        1
                    ],
                    "height": 496.3681945800781,
                    "position": [
                        155.4565887451172,
                        -416.3917236328125,
                        220.9811553955078
                    ],
                    "weightHard": false,
                    "weightScale": [
                        1,
                        1,
                        1
                    ],
                    "mirrored": false,
                    "twinId": 0,
                    "flooded": false,
                    "pathable": false,
                    "mergeable": false,
                    "no_features": false
                },
                {
                    "weight": [
                        1,
                        1,
                        1,
                        1
                    ],
                    "spec": "/pa/terrain/ice/brushes/ice_cliff_03.json",
                    "proj": "BP_Bend",
                    "transform": [
                        -0.32748714089393616,
                        0.7485915422439575,
                        -0.5765092372894287,
                        -281.5357971191406,
                        -0.8049285411834717,
                        -0.5405724048614502,
                        -0.24468670785427094,
                        -119.49169158935547,
                        -0.4948153495788574,
                        0.383916974067688,
                        0.7795931100845337,
                        380.7109069824219
                    ],
                    "op": "BO_Add",
                    "rotation": 4.202837944030762,
                    "scale": [
                        1,
                        1,
                        1
                    ],
                    "height": 488.3456726074219,
                    "position": [
                        -281.53582763671875,
                        -119.4917221069336,
                        380.7109375
                    ],
                    "weightHard": false,
                    "weightScale": [
                        1,
                        1,
                        1
                    ],
                    "mirrored": false,
                    "twinId": 0,
                    "flooded": false,
                    "pathable": false,
                    "mergeable": false,
                    "no_features": false
                },
                {
                    "weight": [
                        1,
                        1,
                        1,
                        1
                    ],
                    "spec": "/pa/terrain/ice/brushes/ice_cliff_02.json",
                    "proj": "BP_Bend",
                    "transform": [
                        0.40931546688079834,
                        -0.4378551244735718,
                        -0.8004647493362427,
                        -403.783447265625,
                        0.6742929220199585,
                        -0.445853054523468,
                        0.5886800289154053,
                        296.9515686035156,
                        -0.6146461963653564,
                        -0.7807034850120544,
                        0.11274802684783936,
                        56.87419509887695
                    ],
                    "op": "BO_Add",
                    "rotation": 1.6036376953125,
                    "scale": [
                        1,
                        1,
                        1
                    ],
                    "height": 504.436279296875,
                    "position": [
                        -403.7834167480469,
                        296.9515380859375,
                        56.87422180175781
                    ],
                    "weightHard": false,
                    "weightScale": [
