{
    "name": "A plot for my Bot factory FFA",
    "creator": "TheEffectTheCause",
    "version": "1",
    "description": "Made for 4 player FFA",
    "players": [
        2,
        4
    ],
    "planets": [
        {
            "name": "Kings Kanyon",
            "mass": 10000,
            "position_x": 23800,
            "position_y": -28200,
            "velocity_x": 88.95652770996094,
            "velocity_y": 75.07679748535156,
            "required_thrust_to_move": 0,
            "starting_planet": true,
            "respawn": false,
            "start_destroyed": false,
            "min_spawn_delay": 0,
            "max_spawn_delay": 0,
            "planet": {
                "seed": 254758752,
                "radius": 650,
                "heightRange": 35,
                "waterHeight": 33,
                "waterDepth": 38,
                "temperature": 100,
                "metalDensity": 0,
                "metalClusters": 0,
                "metalSpotLimit": -1,
                "biomeScale": 75.00000006869588,
                "biome": "desert",
                "symmetryType": "none",
                "symmetricalMetal": false,
                "symmetricalStarts": false,
                "numArmies": 2,
                "landingZonesPerArmy": 0,
                "landingZoneSize": 0
            },
            "source": {
                "brushes": [
                    {
                        "spec": "/pa/terrain/desert/brushes/desert_metal_t2_medium_4_ramp.json",
                        "weight": [
                            1,
                            1,
                            1,
                            1
                        ],
                        "proj": "BP_Bend",
                        "op": "BO_Add",
                        "transform": [
                            0.8888044357299805,
                            0.434815913438797,
                            -0.14478200674057007,
                            -93.21562957763672,
                            -0.2616339325904846,
                            0.222050279378891,
                            -0.9392769932746887,
                            -604.73876953125,
                            -0.37626367807388306,
                            0.8727134466171265,
                            0.3111218810081482,
                            200.3109588623047
                        ],
                        "scale": [
                            1,
                            1,
                            1
                        ],
                        "rotation": -0.5600000023841858,
                        "position": [
                            -93.36041259765625,
                            -605.6781005859375,
                            200.6220703125
                        ],
                        "height": 643.8343505859375,
                        "weightHard": false,
                        "weightScale": [
                            1,
                            1,
                            1
                        ],
                        "mirrored": false,
                        "twinId": 0,
                        "flooded": false,
                        "pathable": true,
                        "mergeable": false,
                        "no_features": true
                    },
                    {
                        "spec": "/pa/terrain/desert/brushes/desert_metal_t2_medium_4_ramp.json",
                        "weight": [
                            1,
                            1,
                            1,
                            1
                        ],
                        "proj": "BP_Bend",
                        "op": "BO_Add",
                        "transform": [
                            -0.8352317810058594,
                            0.4723944365978241,
                            -0.2814806401729584,
                            -182.81040954589844,
                            0.465648889541626,
                            0.8798643350601196,
                            0.09492039680480957,
                            61.646995544433594,
                            0.2925046384334564,
                            -0.05179060623049736,
                            -0.9548605680465698,
                            -620.1436767578125
                        ],
                        "scale": [
                            1,
                            1,
                            1
                        ],
                        "rotation": -0.14999999105930328,
                        "position": [
                            -182.810546875,
                            61.64704513549805,
                            -620.1436767578125
                        ],
                        "height": 649.4599609375,
                        "weightHard": false,
                        "weightScale": [
                            1,
                            1,
                            1
                        ],
                        "mirrored": false,
                        "twinId": 0,
                        "flooded": false,
                        "pathable": true,
                        "mergeable": false,
                        "no_features": true
                    },
                    {
                        "spec": "/pa/terrain/mountain/brushes/mountain_metal_t2_medium_4_ramp.json",
                        "weight": [
                            1,
                            1,
                            1,
                            1
                        ],
                        "proj": "BP_Bend",
                        "op": "BO_Add",
                        "transform": [
                            -0.2915513217449188,
                            -0.1196354404091835,
                            0.949044406414032,
                            627.2394409179688,
                            0.8282271027565002,
                            0.46481430530548096,
                            0.31302961707115173,
                            206.8865509033203,
                            -0.4785788357257843,
                            0.8772884607315063,
                            -0.03643190860748291,
                            -24.078462600708008
                        ],
                        "scale": [
                            1,
                            1,
                            1
                        ],
                        "rotation": 1.3899990320205688,
                        "position": [
                            628.1884765625,
                            207.1995849609375,
                            -24.11480712890625
                        ],
                        "height": 660.9168701171875,
                        "weightHard": false,
                        "weightScale": [
                            1,
                            1,
                            1
                        ],
                        "mirrored": false,
                        "twinId": 0,
                        "flooded": false,
                        "pathable": true,
                        "mergeable": false,
                        "no_features": true
                    },
                    {
                        "spec": "/pa/terrain/desert/brushes/desert_metal_t2_medium_4_ramp.json",
                        "weight": [
                            1,
                            1,
                            1,
                            1
                        ],
                        "proj": "BP_Bend",
                        "op": "BO_Add",
                        "transform": [
                            0.7679023742675781,
                            -0.4216408133506775,
                            -0.4822292625904083,
                            -309.0418701171875,
                            0.6361892223358154,
                            0.414139986038208,
                            0.6509619355201721,
                            417.1760559082031,
                            -0.07476171851158142,
                            -0.806664228439331,
                            0.5862623453140259,
                            375.7126159667969
                        ],
                        "scale": [
                            1,
                            1,
                            1
                        ],
                        "rotation": 0.729999840259552,
                        "position": [
                            -309.0418701171875,
                            417.176025390625,
                            375.712646484375
                        ],
                        "height": 640.8609008789062,
                        "weightHard": false,
                        "weightScale": [
                            1,
                            1,
                            1
                        ],
                        "mirrored": false,
                        "twinId": 0,
                        "flooded": false,
                        "pathable": true,
                        "mergeable": false,
                        "no_features": true
                    },
                    {
                        "spec": "/pa/terrain/desert/brushes/desert_t1_medium_2_ramp.json",
                        "weight": [
                            1,
                            1,
                            1,
                            1
                        ],
                        "proj": "BP_Bend",
                        "op": "BO_Add",
                        "transform": [
                            0.5994588136672974,
                            -0.1523224115371704,
                            0.7857780456542969,
                            519.5474853515625,
                            -0.7977159023284912,
                            -0.19411298632621765,
                            0.57093745470047,
                            377.4973449707031,
                            0.06556320190429688,
                            -0.9690811038017273,
                            -0.23787271976470947,
                            -157.2787322998047
                        ],
                        "scale": [
                            1,
                            1,
                            1
                        ],
                        "rotation": -1.0099996328353882,
                        "position": [
                            519.5474853515625,
                            377.497314453125,
                            -157.27862548828125
                        ],
                        "height": 661.1885986328125,
                        "weightHard": false,
                        "weightScale": [
                            1,
                            1,
                            1
                        ],
                        "mirrored": false,
                        "twinId": 0,
                        "flooded": false,
                        "pathable": true,
                        "mergeable": false,
                        "no_features": false
                    },
                    {
                        "spec": "/pa/terrain/desert/brushes/desert_plateau_10.json",
                        "weight": [
                            1,
                            1,
                            1,
                            1
                        ],
                        "proj": "BP_Bend",
                        "op": "BO_Add",
                        "transform": [
                            0.25289320945739746,
                            -0.42244982719421387,
                            0.8703913688659668,
                            566.8395385742188,
                            -0.42244982719421387,
                            0.761126697063446,
                            0.492160826921463,
                            320.5181579589844,
                            -0.8703913688659668,
                            -0.492160826921463,
                            0.014019906520843506,
                            9.13041877746582
                        ],
                        "scale": [
                            1,
                            1,
                            1
                        ],
                        "rotation": 0,
                        "position": [
                            567.7099609375,
                            321.0102844238281,
                            9.144432067871094
                        ],
                        "height": 651.2467651367188,
                        "weightHard": false,
                        "weightScale": [
                            1,
                            1,
                            1
                        ],
                        "mirrored": false,
                        "twinId": 0,
                        "flooded": false,
                        "pathable": false,
                        "mergeable": false,
                        "no_features": false
                    },
                    {
                        "spec": "/pa/terrain/desert/brushes/desert_plateau_11.json",
                        "weight": [
                            1,
                            1,
                            1,
                            1
                        ],
                        "proj": "BP_Bend",
                        "op": "BO_Add",
                        "transform": [
                            0.374603271484375,
                            -0.5107187628746033,
                            0.7738467454910278,
                            507.5185241699219,
                            -0.5107187628746033,
                            0.5829309225082397,
                            0.6319477558135986,
                            414.4557189941406,
                            -0.7738467454910278,
                            -0.6319477558135986,
                            -0.042465806007385254,
                            -27.8507137298584
                        ],
                        "scale": [
                            1,
                            1,
                            1
                        ],
                        "rotation": 0,
                        "position": [
                            509.0661926269531,
                            415.7195739746094,
                            -27.93560791015625
                        ],
                        "height": 655.8385620117188,
                        "weightHard": false,
                        "weightScale": [
                            1,
                            1,
                            1
                        ],
                        "mirrored": false,
                        "twinId": 0,
                        "flooded": false,
                        "pathable": false,
                        "mergeable": false,
                        "no_features": false
                    },
                    {
                        "spec": "/pa/terrain/desert/brushes/desert_plateau_10.json",
                        "weight": [
                            1,
                            1,
                            1,
                            1
                        ],
                        "proj": "BP_Bend",
                        "op": "BO_Add",
                        "transform": [
                            0.07285952568054199,
                            -0.6706826686859131,
                            0.7381574511528015,
                            483.3539733886719,
                            -0.6706826686859131,
                            0.5148359537124634,
                            0.5339745283126831,
                            349.65264892578125,
                            -0.7381574511528015,
                            -0.5339745283126831,
                            -0.41230452060699463,
                            -269.9817199707031
                        ],
                        "scale": [
                            1,
                            1,
                            1
                        ],
                        "rotation": 0,
                        "position": [
                            483.35394287109375,
                            349.65264892578125,
                            -269.98162841796875
                        ],
                        "height": 654.8114624023438,
                        "weightHard": false,
                        "weightScale": [
                            1,
                            1,
                            1
                        ],
                        "mirrored": false,
                        "twinId": 0,
                        "flooded": false,
                        "pathable": false,
                        "mergeable": false,
                        "no_features": false
                    },
                    {
                        "spec": "/pa/terrain/desert/brushes/desert_plateau_02.json",
                        "weight": [
                            1,
                            1,
                            1,
                            1
                        ],
                        "proj": "BP_Bend",
                        "op": "BO_Add",
                        "transform": [
                            0.38669419288635254,
                            -0.6365787386894226,
                            0.6672593951225281,
                            438.9114074707031,
                            -0.6365787386894226,
                            0.33926522731781006,
                            0.6925796866416931,
                            455.566650390625,
                            -0.6672593951225281,
                            -0.6925796866416931,
                            -0.2740405797958374,
                            -180.259033203125
                        ],
                        "scale": [
                            1,
                            1,
                            1
                        ],
                        "rotation": 0,
                        "position": [
                            438.91143798828125,
                            455.5666198730469,
                            -180.25900268554688
                        ],
                        "height": 657.7822875976562,
                        "weightHard": false,
                        "weightScale": [
                            1,
                            1,
                            1
                        ],
                        "mirrored": false,
                        "twinId": 0,
                        "flooded": false,
                        "pathable": false,
                        "mergeable": false,
                        "no_features": false
                    },
                    {
                        "spec": "/pa/terrain/desert/brushes/desert_t1_medium_2_ramp.json",
                        "weight": [
                            1,
                            1,
                            1,
                            1
                        ],
                        "proj": "BP_Bend",
                        "op": "BO_Add",
                        "transform": [
                            0.2823004722595215,
                            0.9592862725257874,
                            0.008733238093554974,
                            5.642363548278809,
                            -0.5413921475410461,
                            0.16682393848896027,
                            -0.8240534663200378,
                            -532.40380859375,
                            -0.7919600605964661,
                            0.22790256142616272,
                            0.5664445161819458,
                            365.9680480957031
                        ],
                        "scale": [
                            1,
                            1,
                            1
                        ],
                        "rotation": -1.2799993753433228,
                        "position": [
                            5.642364501953125,
                            -532.4039306640625,
                            365.968017578125
                        ],
                        "height": 646.0792236328125,
                        "weightHard": false,
                        "weightScale": [
                            1,
                            1,
                            1
                        ],
                        "mirrored": false,
                        "twinId": 0,
                        "flooded": false,
                        "pathable": true,
                        "mergeable": false,
                        "no_features": false
                    },
                    {
                        "spec": "/pa/terrain/desert/brushes/desert_t1_medium_4_ramp.json",
                        "weight": [
                            1,
                            1,
                            1,
                            1
                        ],
                        "proj": "BP_Bend",
                        "op": "BO_Add",
                        "transform": [
                            0.8301684856414795,
                            -0.4562939405441284,
                            -0.3203375041484833,
                            -207.52798461914062,
                            0.5568549633026123,
                            0.6507473587989807,
                            0.5161787271499634,
                            334.402099609375,
                            -0.027070462703704834,
                            -0.6068968176841736,
                            0.7943195104598999,
                            514.59326171875
                        ],
                        "scale": [
                            1,
                            1,
                            1
                        ],
                        "rotation": 0.5999999642372131,
                        "position": [
                            -207.5279541015625,
                            334.40203857421875,
                            514.59326171875
                        ],
                        "height": 647.8416748046875,
                        "weightHard": false,
                        "weightScale": [
                            1,
                            1,
                            1
                        ],
                        "mirrored": false,
                        "twinId": 0,
                        "flooded": false,
                        "pathable": true,
                        "mergeable": false,
                        "no_features": false
                    },
                    {
                        "spec": "/pa/terrain/desert/brushes/desert_plateau_02.json",
                        "weight": [
                            1,
                            1,
                            1,
                            1
                        ],
                        "proj": "BP_Bend",
                        "op": "BO_Add",
                        "transform": [
                            3.7830331325531006,
                            0.2479090541601181,
                            0.6705821752548218,
                            113.782958984375,
                            0.2479090541601181,
                            2.932209014892578,
                            -2.4825735092163086,
                            -421.2378234863281,
                            -0.6705821752548218,
                            2.4825735092163086,
                            2.8652448654174805,
                            486.1686706542969
                        ],
                        "scale": [
                            3.8499972820281982,
                            3.8499972820281982,
                            3.8499972820281982
                        ],
                        "rotation": 0,
                        "position": [
                            113.782958984375,
                            -421.23779296875,
                            486.16864013671875
                        ],
                        "height": 653.2593994140625,
                        "weightHard": false,
                        "weightScale": [
                            1,
                            1,
                            1
                        ],
                        "mirrored": false,
                        "twinId": 0,
                        "flooded": false,
                        "pathable": false,
                        "mergeable": false,
                        "no_features": false
                    },
                    {
                        "spec": "/pa/terrain/desert/brushes/desert_plateau_11.json",
                        "weight": [
                            1,
                            1,
                            1,
                            1
                        ],
                        "proj": "BP_Bend",
                        "op": "BO_Add",
                        "transform": [
                            0.968498945236206,
                            0.07039006799459457,
                            0.2388620674610138,
                            155.7532196044922,
                            0.07039006799459457,
                            0.842711329460144,
                            -0.5337441563606262,
                            -348.0350341796875,
                            -0.2388620674610138,
                            0.5337441563606262,
                            0.8112102746963501,
                            528.9605712890625
                        ],
                        "scale": [
                            1,
                            1,
                            1
                        ],
                        "rotation": 0,
                        "position": [
                            155.75320434570312,
                            -348.0350341796875,
                            528.9605712890625
                        ],
                        "height": 652.0634155273438,
                        "weightHard": false,
                        "weightScale": [
                            1,
                            1,
                            1
                        ],
                        "mirrored": false,
                        "twinId": 0,
                        "flooded": false,
                        "pathable": false,
                        "mergeable": false,
                        "no_features": false
                    },
                    {
                        "spec": "/pa/terrain/desert/brushes/desert_t1_medium_4_ramp.json",
                        "weight": [
                            1,
                            1,
                            1,
                            1
                        ],
                        "proj": "BP_Bend",
                        "op": "BO_Add",
                        "transform": [
                            0.5715250968933105,
                            0.799567461013794,
                            0.1845289021730423,
                            118.62957763671875,
                            -0.737821638584137,
                            0.5991385579109192,
                            -0.31088945269584656,
                            -199.86399841308594,
                            -0.3591354787349701,
                            0.041531726717948914,
                            0.9323608875274658,
                            599.3943481445312
                        ],
                        "scale": [
                            1,
                            1,
                            1
                        ],
                        "rotation": -0.9199996590614319,
                        "position": [
                            119.55223083496094,
                            -201.41845703125,
                            604.05615234375
                        ],
                        "height": 642.8780517578125,
                        "weightHard": false,
                        "weightScale": [
                            1,
                            1,
                            1
                        ],
                        "mirrored": false,
                        "twinId": 0,
                        "flooded": false,
                        "pathable": true,
                        "mergeable": false,
                        "no_features": false
                    },
                    {
                        "spec": "/pa/terrain/desert/brushes/desert_plateau_08.json",
                        "weight": [
                            1,
                            1,
                            1,
                            1
                        ],
                        "proj": "BP_Bend",
                        "op": "BO_Add",
                        "transform": [
                            2.528144121170044,
                            0.9731728434562683,
                            -0.24456627666950226,
                            -57.759464263916016,
                            -1.0023115873336792,
                            2.41782808303833,
                            -0.740182101726532,
                            -174.80955505371094,
                            -0.047428667545318604,
                            0.778095543384552,
                            2.605898857116699,
                            615.437744140625
                        ],
                        "scale": [
                            2.719998359680176,
                            2.719998359680176,
                            2.719998359680176
                        ],
                        "rotation": -0.3800000250339508,
                        "position": [
                            -57.75946044921875,
                            -174.80953979492188,
                            615.437744140625
                        ],
                        "height": 642.384765625,
                        "weightHard": false,
                        "weightScale": [
                            1,
                            1,
                            1
                        ],
                        "mirrored": false,
                        "twinId": 0,
                        "flooded": false,
                        "pathable": false,
                        "mergeable": false,
                        "no_features": false
                    },
                    {
                        "spec": "/pa/terrain/desert/brushes/desert_plateau_08.json",
                        "weight": [
                            1,
                            1,
                            1,
                            1
                        ],
                        "proj": "BP_Bend",
                        "op": "BO_Add",
                        "transform": [
                            0.43354690074920654,
                            1.9175044298171997,
                            0.5448023676872253,
                            174.13002014160156,
                            -1.5381637811660767,
                            0.6764360070228577,
                            -1.1567550897598267,
                            -369.7226867675781,
                            -1.2679452896118164,
                            -0.16494500637054443,
                            1.5895609855651855,
                            508.0563049316406
                        ],
                        "scale": [
                            2.039999008178711,
                            2.039999008178711,
                            2.039999008178711
                        ],
                        "rotation": -1.259999394416809,
                        "position": [
                            174.13003540039062,
                            -369.72271728515625,
                            508.0562744140625
                        ],
                        "height": 652.0255737304688,
                        "weightHard": false,
                        "weightScale": [
                            1,
                            1,
                            1
                        ],
                        "mirrored": false,
                        "twinId": 0,
                        "flooded": false,
                        "pathable": false,
                        "mergeable": false,
                        "no_features": false
                    },
                    {
                        "spec": "/pa/terrain/desert/brushes/desert_plateau_10.json",
                        "weight": [
                            1,
                            1,
                            1,
                            1
                        ],
                        "proj": "BP_Bend",
                        "op": "BO_Add",
                        "transform": [
                            0.9507489204406738,
                            0.08622895181179047,
                            0.2977263927459717,
                            193.8267822265625,
                            0.08622895181179047,
                            0.8490300178527832,
                            -0.5212606191635132,
                            -339.3527526855469,
                            -0.2977263927459717,
                            0.5212606191635132,
                            0.799778938293457,
                            520.6746215820312
                        ],
                        "scale": [
                            1,
                            1,
                            1
                        ],
                        "rotation": 0,
                        "position": [
                            193.82681274414062,
                            -339.3527526855469,
                            520.6746215820312
                        ],
                        "height": 651.023193359375,
                        "weightHard": false,
                        "weightScale": [
                            1,
                            1,
                            1
                        ],
                        "mirrored": false,
                        "twinId": 0,
                        "flooded": false,
                        "pathable": false,
                        "mergeable": false,
                        "no_features": false
                    },
                    {
                        "spec": "/pa/terrain/desert/brushes/desert_plateau_10.json",
                        "weight": [
                            1,
                            1,
                            1,
                            1
                        ],
                        "proj": "BP_Bend",
                        "op": "BO_Add",
                        "transform": [
                            0.9999882578849792,
                            -0.001761459861882031,
                            -0.004511910490691662,
                            -2.896667718887329,
                            -0.001761459861882031,
                            0.7354891300201416,
                            -0.6775342226028442,
                            -434.98016357421875,
                            0.004511910490691662,
                            0.6775342226028442,
                            0.7354773879051208,
                            472.179931640625
                        ],
                        "scale": [
                            1,
                            1,
                            1
                        ],
                        "rotation": 0,
                        "position": [
                            -2.89666748046875,
                            -434.9801330566406,
                            472.179931640625
                        ],
                        "height": 642.0046997070312,
                        "weightHard": false,
                        "weightScale": [
                            1,
                            1,
                            1
                        ],
                        "mirrored": false,
                        "twinId": 0,
                        "flooded": false,
                        "pathable": false,
                        "mergeable": false,
                        "no_features": false
                    },
                    {
                        "spec": "/pa/terrain/desert/brushes/desert_t1_medium_4_ramp.json",
                        "weight": [
                            1,
                            1,
                            1,
                            1
                        ],
                        "proj": "BP_Bend",
                        "op": "BO_Add",
                        "transform": [
                            0.4637216329574585,
                            0.8789331316947937,
                            -0.11152949184179306,
                            -72.22415161132812,
                            0.8364032506942749,
                            -0.39277106523513794,
                            0.3823094069957733,
                            247.57553100585938,
                            0.2922188639640808,
                            -0.27056875824928284,
                            -0.9172790050506592,
                            -594.0106201171875
                        ],
                        "scale": [
                            1,
                            1,
                            1
                        ],
                        "rotation": -0.5400000214576721,
                        "position": [
                            -72.335693359375,
                            247.9578857421875,
                            -594.9278564453125
                        ],
                        "height": 647.5789794921875,
                        "weightHard": false,
                        "weightScale": [
                            1,
                            1,
                            1
                        ],
                        "mirrored": false,
                        "twinId": 0,
                        "flooded": false,
                        "pathable": true,
                        "mergeable": false,
                        "no_features": false
                    },
                    {
                        "spec": "/pa/terrain/desert/brushes/desert_plateau_11.json",
                        "weight": [
                            1,
                            1,
                            1,
                            1
                        ],
                        "proj": "BP_Bend",
                        "op": "BO_Add",
                        "transform": [
                            0.9938685297966003,
                            0.003753021126613021,
                            0.11050457507371902,
                            70.59931182861328,
                            0.003753021126613021,
                            0.9977028369903564,
                            -0.06763891875743866,
                            -43.2132453918457,
                            -0.11050457507371902,
                            0.06763891875743866,
                            0.9915713667869568,
                            633.4964599609375
                        ],
                        "scale": [
                            1,
