{
    "name": "The Gulch FFA/Teams",
	"creator": "TheEffectTheCause",
    "version": "1.2",
    "description": "Inspired by a map for Total Annihilation, revamped and with a different setting. Made for 8 player FFA. A nice looking desert planet. Lots of choke points and different strats to be had with each position just make sure you make the right move as the wrong one could mean a quick ending for you",
    "players": [
        8,
        8
    ],
    "planets": [
        {
            "name": "Who Owns The Block",
            "mass": 10000,
            "position_x": -16499.9609375,
            "position_y": -51900.01953125,
            "velocity_x": 91.31443786621094,
            "velocity_y": -29.030517578125,
            "required_thrust_to_move": 0,
            "starting_planet": true,
            "respawn": false,
            "start_destroyed": false,
            "min_spawn_delay": 0,
            "max_spawn_delay": 0,
            "planet": {
                "seed": 254758752,
                "radius": 650,
                "heightRange": 35,
                "waterHeight": 33,
                "waterDepth": 38,
                "temperature": 100,
                "metalDensity": 0,
                "metalClusters": 0,
                "metalSpotLimit": -1,
                "biomeScale": 75.00000006869588,
                "biome": "desert",
                "symmetryType": "none",
                "symmetricalMetal": false,
                "symmetricalStarts": false,
                "numArmies": 2,
                "landingZonesPerArmy": 0,
                "landingZoneSize": 0
            },
            "planetCSG": [
                {
                    "weight": [
                        1,
                        1,
                        1,
                        1
                    ],
                    "spec": "/pa/terrain/desert/brushes/desert_plateau_08.json",
                    "proj": "BP_Bend",
                    "transform": [
                        -0.951468825340271,
                        -1.2667925357818604,
                        3.0196070671081543,
                        600.8882446289062,
                        -2.616015911102295,
                        2.1854026317596436,
                        0.09252668172121048,
                        18.41239356994629,
                        -1.9695818424224854,
                        -2.2907063961029053,
                        -1.5816116333007812,
                        -314.7336120605469
                    ],
                    "op": "BO_Add",
                    "rotation": -0.8299998044967651,
                    "scale": [
                        3.4099977016448975,
                        3.4099977016448975,
                        3.4099977016448975
                    ],
                    "height": 678.57421875,
                    "position": [
                        579.6358642578125,
                        17.761180877685547,
                        -303.6020812988281
                    ],
                    "weightHard": false,
                    "weightScale": [
                        1,
                        1,
                        1
                    ],
                    "mirrored": false,
                    "twinId": 0,
                    "flooded": false,
                    "pathable": false,
                    "mergeable": false,
                    "no_features": false
                },
                {
                    "weight": [
                        1,
                        1,
                        1,
                        1
                    ],
                    "spec": "/pa/terrain/desert/brushes/desert_plateau_11.json",
                    "proj": "BP_Bend",
                    "transform": [
                        -0.38423895835876465,
                        0.0673539936542511,
                        0.920773446559906,
                        603.97802734375,
                        0.0673539936542511,
                        0.9967226982116699,
                        -0.044802792370319366,
                        -29.38823127746582,
                        -0.920773446559906,
                        0.044802792370319366,
                        -0.3875162601470947,
                        -254.1898956298828
                    ],
                    "op": "BO_Add",
                    "rotation": 0,
                    "scale": [
                        1,
                        1,
                        1
                    ],
                    "height": 655.9464111328125,
                    "position": [
                        603.97802734375,
                        -29.388225555419922,
                        -254.18997192382812
                    ],
                    "weightHard": false,
                    "weightScale": [
                        1,
                        1,
                        1
                    ],
                    "mirrored": false,
                    "twinId": 0,
                    "flooded": false,
                    "pathable": false,
                    "mergeable": false,
                    "no_features": false
                },
                {
                    "weight": [
                        1,
                        1,
                        1,
                        1
                    ],
                    "spec": "/pa/terrain/desert/brushes/desert_plateau_09.json",
                    "proj": "BP_Bend",
                    "transform": [
                        -0.36331117153167725,
                        -0.19147281348705292,
                        0.9117802977561951,
                        596.5336303710938,
                        -0.19147281348705292,
                        0.9731082320213318,
                        0.12805670499801636,
                        83.78129577636719,
                        -0.9117802977561951,
                        -0.12805670499801636,
                        -0.3902028799057007,
                        -255.29083251953125
                    ],
                    "op": "BO_Add",
                    "rotation": 0,
                    "scale": [
                        1,
                        1,
                        1
                    ],
                    "height": 654.2515258789062,
                    "position": [
                        596.5335693359375,
                        83.78128051757812,
                        -255.29080200195312
                    ],
                    "weightHard": false,
                    "weightScale": [
                        1,
                        1,
                        1
                    ],
                    "mirrored": false,
                    "twinId": 0,
                    "flooded": false,
                    "pathable": false,
                    "mergeable": false,
                    "no_features": false
                },
                {
                    "weight": [
                        1,
                        1,
                        1,
                        1
                    ],
                    "spec": "/pa/terrain/desert/brushes/desert_plateau_10.json",
                    "proj": "BP_Bend",
                    "transform": [
                        0.8643501996994019,
                        0.33344388008117676,
                        2.821807861328125,
                        627.54052734375,
                        0.8121753931045532,
                        2.797431707382202,
                        -0.5793412923812866,
                        -128.8394317626953,
                        -2.7228949069976807,
                        0.9402554035186768,
                        0.7229450941085815,
                        160.77542114257812
                    ],
                    "op": "BO_Add",
                    "rotation": 0.12999998033046722,
                    "scale": [
                        2.9699981212615967,
                        2.9699981212615967,
                        2.9699981212615967
                    ],
                    "height": 660.4964599609375,
                    "position": [
                        620.889892578125,
                        -127.4739990234375,
                        159.07139587402344
                    ],
                    "weightHard": false,
                    "weightScale": [
                        1,
                        1,
                        1
                    ],
                    "mirrored": false,
                    "twinId": 0,
                    "flooded": false,
                    "pathable": false,
                    "mergeable": false,
                    "no_features": false
                },
                {
                    "weight": [
                        1,
                        1,
                        1,
                        1
                    ],
                    "spec": "/pa/terrain/desert/brushes/desert_plateau_01.json",
                    "proj": "BP_Bend",
                    "transform": [
                        0.5045766830444336,
                        0.2848964333534241,
                        1.6830428838729858,
                        641.7655029296875,
                        0.2848964333534241,
                        1.7163606882095337,
                        -0.3759482800960541,
                        -143.3538360595703,
                        -1.6830428838729858,
                        0.3759482800960541,
                        0.44093814492225647,
                        168.13528442382812
                    ],
                    "op": "BO_Add",
                    "rotation": 0,
                    "scale": [
                        1.7799992561340332,
                        1.7799992561340332,
                        1.7799992561340332
                    ],
                    "height": 678.7362060546875,
                    "position": [
                        618.1273193359375,
                        -138.07366943359375,
                        161.94241333007812
                    ],
                    "weightHard": false,
                    "weightScale": [
                        1,
                        1,
                        1
                    ],
                    "mirrored": false,
                    "twinId": 0,
                    "flooded": false,
                    "pathable": false,
                    "mergeable": false,
                    "no_features": false
                },
                {
                    "weight": [
                        1,
                        1,
                        1,
                        1
                    ],
                    "spec": "/pa/terrain/desert/brushes/desert_plateau_12.json",
                    "proj": "BP_Bend",
                    "transform": [
                        0.4459911584854126,
                        0.050155311822891235,
                        0.8936310410499573,
                        581.3568115234375,
                        0.5910059213638306,
                        0.7333067655563354,
                        -0.33611488342285156,
                        -218.66146850585938,
                        -0.6721636056900024,
                        0.6780455112457275,
                        0.29740625619888306,
                        193.47933959960938
                    ],
                    "op": "BO_Add",
                    "rotation": 0.42999985814094543,
                    "scale": [
                        1,
                        1,
                        1
                    ],
                    "height": 650.5557250976562,
                    "position": [
                        581.3567504882812,
                        -218.6614532470703,
                        193.47943115234375
                    ],
                    "weightHard": false,
                    "weightScale": [
                        1,
                        1,
                        1
                    ],
                    "mirrored": false,
                    "twinId": 0,
                    "flooded": false,
                    "pathable": true,
                    "mergeable": false,
                    "no_features": false
                },
                {
                    "weight": [
                        1,
                        1,
                        1,
                        1
                    ],
                    "spec": "/pa/terrain/desert/brushes/desert_metal_t2_medium_3_ramp.json",
                    "proj": "BP_Bend",
                    "transform": [
                        0.19591954350471497,
                        0.5682317018508911,
                        0.7992047071456909,
                        529.1505126953125,
                        0.061496585607528687,
                        -0.8205147981643677,
                        0.568307638168335,
                        376.2743835449219,
                        0.9786896705627441,
                        -0.06219419836997986,
                        -0.19569921493530273,
                        -129.5717315673828
                    ],
                    "op": "BO_Add",
                    "rotation": -2.459998369216919,
                    "scale": [
                        1,
                        1,
                        1
                    ],
                    "height": 662.0963134765625,
                    "position": [
                        529.1505126953125,
                        376.2744140625,
                        -129.57177734375
                    ],
                    "weightHard": false,
                    "weightScale": [
                        1,
                        1,
                        1
                    ],
                    "mirrored": false,
                    "twinId": 0,
                    "flooded": false,
                    "pathable": true,
                    "mergeable": false,
                    "no_features": true
                },
                {
                    "weight": [
                        1,
                        1,
                        1,
                        1
                    ],
                    "spec": "/pa/terrain/mountain/brushes/mountain_mountain_07.json",
                    "proj": "BP_Bend",
                    "transform": [
                        -0.29164063930511475,
                        -0.41997668147087097,
                        0.8593981862068176,
                        566.3159790039062,
                        -0.04485952854156494,
                        0.9034726023674011,
                        0.42629197239875793,
                        280.9128112792969,
                        -0.9554754495620728,
                        0.08577185869216919,
                        -0.2823293209075928,
                        -186.04600524902344
                    ],
                    "op": "BO_Add",
                    "rotation": 0.5499997735023499,
                    "scale": [
                        1,
                        1,
                        1
                    ],
                    "height": 658.9680786132812,
                    "position": [
                        566.3160400390625,
                        280.9128112792969,
                        -186.04598999023438
                    ],
                    "weightHard": false,
                    "weightScale": [
                        1,
                        1,
                        1
                    ],
                    "mirrored": false,
                    "twinId": 0,
                    "flooded": false,
                    "pathable": false,
                    "mergeable": false,
                    "no_features": true
                },
                {
                    "weight": [
                        1,
                        1,
                        1,
                        1
                    ],
                    "spec": "/pa/terrain/mountain/brushes/mountain_plateau_02.json",
                    "proj": "BP_Bend",
                    "transform": [
                        0.02625119686126709,
                        -0.47731485962867737,
                        0.8783401846885681,
                        579.09814453125,
                        -0.47731485962867737,
                        0.7660285234451294,
                        0.43054720759391785,
                        283.8639221191406,
                        -0.8783401846885681,
                        -0.43054720759391785,
                        -0.20772027969360352,
                        -136.9519805908203
                    ],
                    "op": "BO_Add",
                    "rotation": 0,
                    "scale": [
                        1,
                        1,
                        1
                    ],
                    "height": 659.3096313476562,
                    "position": [
                        579.09814453125,
                        283.8639221191406,
                        -136.95187377929688
                    ],
                    "weightHard": false,
                    "weightScale": [
                        1,
                        1,
                        1
                    ],
                    "mirrored": false,
                    "twinId": 0,
                    "flooded": false,
                    "pathable": false,
                    "mergeable": false,
                    "no_features": false
                },
                {
                    "weight": [
                        1,
                        1,
                        1,
                        1
                    ],
                    "spec": "/pa/terrain/mountain/brushes/mountain_plateau_04.json",
                    "proj": "BP_Bend",
                    "transform": [
                        0.04914206266403198,
                        -0.4685501754283905,
                        0.882068932056427,
                        581.6608276367188,
                        -0.4685501754283905,
                        0.7691144943237305,
                        0.4346533417701721,
                        286.6225280761719,
                        -0.882068932056427,
                        -0.4346533417701721,
                        -0.18174338340759277,
                        -119.84664916992188
                    ],
                    "op": "BO_Add",
                    "rotation": 0,
                    "scale": [
                        1,
                        1,
                        1
                    ],
                    "height": 659.4278564453125,
                    "position": [
                        581.660888671875,
                        286.62255859375,
                        -119.84662628173828
                    ],
                    "weightHard": false,
                    "weightScale": [
                        1,
                        1,
                        1
                    ],
                    "mirrored": false,
                    "twinId": 0,
                    "flooded": false,
                    "pathable": false,
                    "mergeable": false,
                    "no_features": false
                },
                {
                    "weight": [
                        1,
                        1,
                        1,
                        1
                    ],
                    "spec": "/pa/terrain/mountain/brushes/mountain_mountain_03.json",
                    "proj": "BP_Bend",
                    "transform": [
                        0.07435041666030884,
                        -0.45485007762908936,
                        0.8874589800834656,
                        585.4053955078125,
                        -0.45485007762908936,
                        0.7764936089515686,
                        0.4360837936401367,
                        287.6592712402344,
                        -0.8874589800834656,
                        -0.4360837936401367,
                        -0.14915597438812256,
                        -98.38957977294922
                    ],
                    "op": "BO_Add",
                    "rotation": 0,
                    "scale": [
                        1,
                        1,
                        1
                    ],
                    "height": 659.6422119140625,
                    "position": [
                        585.4053955078125,
                        287.6592712402344,
                        -98.38954162597656
                    ],
                    "weightHard": false,
                    "weightScale": [
                        1,
                        1,
                        1
                    ],
                    "mirrored": false,
                    "twinId": 0,
                    "flooded": false,
                    "pathable": false,
                    "mergeable": false,
                    "no_features": true
                },
                {
                    "weight": [
                        1,
                        1,
                        1,
                        1
                    ],
                    "spec": "/pa/terrain/mountain/brushes/mountain_plateau_04.json",
                    "proj": "BP_Bend",
                    "transform": [
                        0.09409904479980469,
                        -0.44827497005462646,
                        0.8889290690422058,
                        586.107666015625,
                        -0.44827497005462646,
                        0.7781761288642883,
                        0.43987661600112915,
                        290.02880859375,
                        -0.8889290690422058,
                        -0.43987661600112915,
                        -0.1277247667312622,
                        -84.21421813964844
                    ],
                    "op": "BO_Add",
                    "rotation": 0,
                    "scale": [
                        1,
                        1,
                        1
                    ],
                    "height": 659.34130859375,
                    "position": [
                        586.107666015625,
                        290.0288391113281,
                        -84.2142562866211
                    ],
                    "weightHard": false,
                    "weightScale": [
                        1,
                        1,
                        1
                    ],
                    "mirrored": false,
                    "twinId": 0,
                    "flooded": false,
                    "pathable": false,
                    "mergeable": false,
                    "no_features": false
                },
                {
                    "weight": [
                        1,
                        1,
                        1,
                        1
                    ],
                    "spec": "/pa/terrain/desert/brushes/desert_plateau_08.json",
                    "proj": "BP_Bend",
                    "transform": [
                        -0.04114949703216553,
                        -0.564396321773529,
                        0.8244778513908386,
                        541.5625610351562,
                        -0.564396321773529,
                        0.6940466165542603,
                        0.4469408392906189,
                        293.5754089355469,
                        -0.8244778513908386,
                        -0.4469408392906189,
                        -0.3471028804779053,
                        -227.99632263183594
                    ],
                    "op": "BO_Add",
                    "rotation": 0,
                    "scale": [
                        1,
                        1,
                        1
                    ],
                    "height": 656.8551635742188,
                    "position": [
                        541.5624389648438,
                        293.5753479003906,
                        -227.99627685546875
                    ],
                    "weightHard": false,
                    "weightScale": [
                        1,
                        1,
                        1
                    ],
                    "mirrored": false,
                    "twinId": 0,
                    "flooded": false,
                    "pathable": false,
                    "mergeable": false,
                    "no_features": false
                },
                {
                    "weight": [
                        1,
                        1,
                        1,
                        1
                    ],
                    "spec": "/pa/terrain/desert/brushes/desert_plateau_02.json",
                    "proj": "BP_Bend",
                    "transform": [
                        0.016253888607025146,
                        -0.6028057336807251,
                        0.7977225184440613,
                        521.9406127929688,
                        -0.6028057336807251,
                        0.6306214332580566,
                        0.48881688714027405,
                        319.8272399902344,
                        -0.7977225184440613,
                        -0.48881688714027405,
                        -0.35312461853027344,
                        -231.0453643798828
                    ],
                    "op": "BO_Add",
                    "rotation": 0,
                    "scale": [
                        1,
                        1,
                        1
                    ],
                    "height": 654.2884521484375,
                    "position": [
                        521.9405517578125,
                        319.8271789550781,
                        -231.0453643798828
                    ],
                    "weightHard": false,
                    "weightScale": [
                        1,
                        1,
                        1
                    ],
                    "mirrored": false,
                    "twinId": 0,
                    "flooded": false,
                    "pathable": false,
                    "mergeable": false,
                    "no_features": false
                },
                {
                    "weight": [
                        1,
                        1,
                        1,
                        1
                    ],
                    "spec": "/pa/terrain/desert/brushes/desert_plateau_08.json",
                    "proj": "BP_Bend",
                    "transform": [
                        -0.0811670571565628,
                        -0.49280616641044617,
                        0.8663451671600342,
                        566.2796020507812,
                        0.05547112226486206,
                        0.8656324148178101,
                        0.49759775400161743,
                        325.25079345703125,
                        -0.9951556921005249,
                        0.08844566345214844,
                        -0.04292428493499756,
                        -28.057117462158203
                    ],
                    "op": "BO_Add",
                    "rotation": 0.6099997162818909,
                    "scale": [
                        1,
                        1,
                        1
                    ],
                    "height": 653.6420288085938,
                    "position": [
                        566.2796630859375,
                        325.2508239746094,
                        -28.05706787109375
                    ],
                    "weightHard": false,
                    "weightScale": [
                        1,
                        1,
                        1
                    ],
                    "mirrored": false,
                    "twinId": 0,
                    "flooded": false,
                    "pathable": false,
                    "mergeable": false,
                    "no_features": false
                },
                {
                    "weight": [
                        1,
                        1,
                        1,
                        1
                    ],
                    "spec": "/pa/terrain/desert/brushes/desert_plateau_09.json",
                    "proj": "BP_Bend",
                    "transform": [
                        0.36877477169036865,
                        -0.2701415419578552,
                        0.8893978595733643,
                        583.054931640625,
                        -0.7702086567878723,
                        0.4468558430671692,
                        0.45508068799972534,
                        298.3333740234375,
                        -0.5203688144683838,
                        -0.85284423828125,
                        -0.043276190757751465,
                        -28.370203018188477
                    ],
                    "op": "BO_Add",
                    "rotation": -0.5499997735023499,
                    "scale": [
                        1,
                        1,
                        1
                    ],
                    "height": 655.5614624023438,
                    "position": [
                        583.0549926757812,
                        298.3333740234375,
                        -28.37029266357422
                    ],
                    "weightHard": false,
                    "weightScale": [
                        1,
                        1,
                        1
                    ],
                    "mirrored": false,
                    "twinId": 0,
                    "flooded": false,
                    "pathable": false,
                    "mergeable": false,
                    "no_features": false
                },
                {
                    "weight": [
                        1,
                        1,
                        1,
                        1
                    ],
                    "spec": "/pa/terrain/mountain/brushes/mountain_plateau_02.json",
                    "proj": "BP_Bend",
                    "transform": [
                        0.26802703738212585,
                        -0.35629913210868835,
                        0.8951048254966736,
                        589.3855590820312,
                        -0.6859302520751953,
                        0.5818377137184143,
                        0.43699491024017334,
                        287.74114990234375,
                        -0.6765066981315613,
                        -0.7311059832572937,
                        -0.088448166847229,
                        -58.239070892333984
                    ],
                    "op": "BO_Add",
                    "rotation": -0.3699999153614044,
                    "scale": [
                        1,
                        1,
                        1
                    ],
                    "height": 658.4542236328125,
                    "position": [
                        589.385498046875,
                        287.7411193847656,
                        -58.238948822021484
                    ],
                    "weightHard": false,
                    "weightScale": [
                        1,
                        1,
                        1
                    ],
                    "mirrored": false,
                    "twinId": 0,
                    "flooded": false,
                    "pathable": false,
                    "mergeable": false,
                    "no_features": false
                },
                {
                    "weight": [
                        1,
                        1,
                        1,
                        1
                    ],
                    "spec": "/pa/terrain/mountain/brushes/mountain_mountain_07.json",
                    "proj": "BP_Bend",
                    "transform": [
                        -0.05804932117462158,
                        -0.48161303997039795,
                        0.874459445476532,
                        576.2752685546875,
                        -0.48161303997039795,
                        0.7807747721672058,
                        0.3980448246002197,
                        262.31451416015625,
                        -0.874459445476532,
                        -0.3980448246002197,
                        -0.27727460861206055,
                        -182.7260284423828
                    ],
                    "op": "BO_Add",
                    "rotation": 0,
                    "scale": [
                        1,
                        1,
                        1
                    ],
                    "height": 659.0074462890625,
                    "position": [
                        576.2752685546875,
                        262.31451416015625,
                        -182.72589111328125
                    ],
                    "weightHard": false,
                    "weightScale": [
                        1,
                        1,
                        1
                    ],
                    "mirrored": false,
                    "twinId": 0,
                    "flooded": false,
                    "pathable": false,
                    "mergeable": false,
                    "no_features": true
                },
                {
                    "weight": [
                        1,
                        1,
                        1,
                        1
                    ],
                    "spec": "/pa/terrain/mountain/brushes/mountain_mountain_03.json",
                    "proj": "BP_Bend",
                    "transform": [
                        -0.046607017517089844,
                        -0.5050103068351746,
                        0.8618540167808533,
                        567.8864135742188,
                        -0.5050103068351746,
                        0.7563217282295227,
                        0.4158630073070526,
                        274.017333984375,
                        -0.8618540167808533,
                        -0.4158630073070526,
                        -0.2902853488922119,
                        -191.2726593017578
                    ],
                    "op": "BO_Add",
                    "rotation": 0,
                    "scale": [
                        1,
                        1,
                        1
                    ],
                    "height": 658.9125366210938,
                    "position": [
                        567.8864135742188,
                        274.0173645019531,
                        -191.27268981933594
                    ],
                    "weightHard": false,
                    "weightScale": [
                        1,
                        1,
                        1
                    ],
                    "mirrored": false,
                    "twinId": 0,
                    "flooded": false,
                    "pathable": false,
                    "mergeable": false,
                    "no_features": true
                },
                {
                    "weight": [
                        1,
                        1,
                        1,
                        1
                    ],
                    "spec": "/pa/terrain/mountain/brushes/mountain_mountain_03.json",
                    "proj": "BP_Bend",
                    "transform": [
                        -0.06590116024017334,
                        -0.5067065954208374,
                        0.8595959544181824,
                        566.4152221679688,
                        -0.5067065954208374,
                        0.7591224908828735,
                        0.4086335301399231,
                        269.2616882324219,
                        -0.8595959544181824,
                        -0.4086335301399231,
                        -0.3067786693572998,
                        -202.14627075195312
                    ],
                    "op": "BO_Add",
                    "rotation": 0,
                    "scale": [
                        1,
                        1,
                        1
                    ],
                    "height": 658.9319458007812,
                    "position": [
                        566.415283203125,
                        269.26171875,
                        -202.14637756347656
                    ],
                    "weightHard": false,
                    "weightScale": [
                        1,
                        1,
                        1
                    ],
                    "mirrored": false,
                    "twinId": 0,
                    "flooded": false,
                    "pathable": false,
                    "mergeable": false,
                    "no_features": true
                },
                {
                    "weight": [
                        1,
                        1,
                        1,
                        1
                    ],
                    "spec": "/pa/terrain/desert/brushes/desert_plateau_09.json",
                    "proj": "BP_Bend",
                    "transform": [
                        0.2977197468280792,
                        -0.35356903076171875,
                        0.8867647051811218,
                        578.8397216796875,
                        -0.938273012638092,
                        -0.27970680594444275,
                        0.20348884165287018,
                        132.82827758789062,
                        0.17608678340911865,
                        -0.8926100730895996,
                        -0.41501855850219727,
                        -270.9052734375
                    ],
                    "op": "BO_Add",
                    "rotation": -1.5399991273880005,
                    "scale": [
                        1,
                        1,
                        1
                    ],
                    "height": 652.7545776367188,
                    "position": [
                        578.8397827148438,
                        132.82827758789062,
                        -270.9053649902344
                    ],
                    "weightHard": false,
                    "weightScale": [
                        1,
                        1,
                        1
                    ],
                    "mirrored": false,
                    "twinId": 0,
                    "flooded": false,
                    "pathable": false,
                    "mergeable": false,
                    "no_features": false
                },
                {
                    "weight": [
                        1,
                        1,
                        1,
                        1
                    ],
                    "spec": "/pa/terrain/desert/brushes/desert_plateau_12.json",
                    "proj": "BP_Bend",
                    "transform": [
                        -0.12604773044586182,
                        0.2974303066730499,
                        0.6210051774978638,
                        626.51123046875,
                        0.6671292185783386,
                        0.20902913808822632,
                        0.03529522567987442,
                        35.6081657409668,
                        -0.17044323682785034,
                        0.598199188709259,
                        -0.32110294699668884,
                        -323.949951171875
                    ],
                    "op": "BO_Add",
                    "rotation": 1.3499990701675415,
                    "scale": [
