{
    "name": "The Scramble FFA/Teams",
    "creator": "TheEffectTheCause",
    "version": "1",
    "description": "A very even 6 player FFA map, plays 2v2v2 or 3v3 but made with that intense FFA in mind.",
    "players": [
        6,
        6
    ],
    "planets": [
        {
            "name": "Mace .",
            "mass": 10000,
            "position_x": 31500,
            "position_y": -27100,
            "velocity_x": 71.54003143310547,
            "velocity_y": 83.1553955078125,
            "required_thrust_to_move": 0,
            "starting_planet": true,
            "respawn": false,
            "start_destroyed": false,
            "min_spawn_delay": 0,
            "max_spawn_delay": 0,
            "planet": {
                "seed": 1001667072,
                "radius": 650,
                "heightRange": 0,
                "waterHeight": 0,
                "waterDepth": 0,
                "temperature": 100,
                "metalDensity": 0,
                "metalClusters": 0,
                "metalSpotLimit": -1,
                "biomeScale": 75.00000006869588,
                "biome": "desert",
                "symmetryType": "none",
                "symmetricalMetal": false,
                "symmetricalStarts": false,
                "numArmies": 2,
                "landingZonesPerArmy": 0,
                "landingZoneSize": 0
            },
            "source": {
                "brushes": [
                    {
                        "weight": [
                            1,
                            1,
                            1,
                            1
                        ],
                        "spec": "/pa/terrain/mountain/brushes/mountain_metal_t2_medium_4_ramp.json",
                        "proj": "BP_Bend",
                        "transform": [
                            0.8105489611625671,
                            0.5764155983924866,
                            -0.10370779037475586,
                            -67.37786102294922,
                            -0.2839444875717163,
                            0.23188728094100952,
                            -0.930378258228302,
                            -604.4569702148438,
                            -0.5122359991073608,
                            0.7835644483566284,
                            0.35162603855133057,
                            228.44775390625
                        ],
                        "op": "BO_Add",
                        "rotation": -0.6899998784065247,
                        "scale": [
                            1,
                            1,
                            1
                        ],
                        "height": 649.6895141601562,
                        "position": [
                            -67.37786865234375,
                            -604.45703125,
                            228.44775390625
                        ],
                        "weightHard": false,
                        "weightScale": [
                            1,
                            1,
                            1
                        ],
                        "mirrored": false,
                        "twinId": 0,
                        "flooded": false,
                        "pathable": true,
                        "mergeable": false,
                        "no_features": true
                    },
                    {
                        "weight": [
                            1,
                            1,
                            1,
                            1
                        ],
                        "spec": "/pa/terrain/mountain/brushes/mountain_metal_t2_medium_4_ramp.json",
                        "proj": "BP_Bend",
                        "transform": [
                            0.8264302015304565,
                            0.09923996776342392,
                            0.5542241930961609,
                            359.32763671875,
                            -0.27512964606285095,
                            0.929999053478241,
                            0.24373233318328857,
                            158.0222625732422,
                            -0.4912399649620056,
                            -0.35391128063201904,
                            0.7958831787109375,
                            516.005615234375
                        ],
                        "op": "BO_Add",
                        "rotation": -0.20999997854232788,
                        "scale": [
                            1,
                            1,
                            1
                        ],
                        "height": 648.3434448242188,
                        "position": [
                            359.32763671875,
                            158.02227783203125,
                            516.005615234375
                        ],
                        "weightHard": false,
                        "weightScale": [
                            1,
                            1,
                            1
                        ],
                        "mirrored": false,
                        "twinId": 0,
                        "flooded": false,
                        "pathable": true,
                        "mergeable": false,
                        "no_features": true
                    },
                    {
                        "weight": [
                            1,
                            1,
                            1,
                            1
                        ],
                        "spec": "/pa/terrain/mountain/brushes/mountain_metal_t2_medium_4_ramp.json",
                        "proj": "BP_Bend",
                        "transform": [
                            0.5827556252479553,
                            0.13096973299980164,
                            -0.8020241856575012,
                            -520.359130859375,
                            0.1917877495288849,
                            0.9368837475776672,
                            0.2923462688922882,
                            189.67637634277344,
                            0.7896919250488281,
                            -0.3241848349571228,
                            0.5208559036254883,
                            337.9350891113281
                        ],
                        "op": "BO_Add",
                        "rotation": 0.03999999910593033,
                        "scale": [
                            1,
                            1,
                            1
                        ],
                        "height": 648.8072509765625,
                        "position": [
                            -520.359130859375,
                            189.6763916015625,
                            337.93505859375
                        ],
                        "weightHard": false,
                        "weightScale": [
                            1,
                            1,
                            1
                        ],
                        "mirrored": false,
                        "twinId": 0,
                        "flooded": false,
                        "pathable": true,
                        "mergeable": false,
                        "no_features": true
                    },
                    {
                        "weight": [
                            1,
                            1,
                            1,
                            1
                        ],
                        "spec": "/pa/terrain/mountain/brushes/mountain_metal_t2_medium_4_ramp.json",
                        "proj": "BP_Bend",
                        "transform": [
                            -0.8155770301818848,
                            0.17209342122077942,
                            -0.5524660348892212,
                            -360.8179626464844,
                            0.2934713363647461,
                            0.9458673000335693,
                            -0.13859882950782776,
                            -90.51949310302734,
                            0.4987076222896576,
                            -0.2751709818840027,
                            -0.8219320774078369,
                            -536.807373046875
                        ],
                        "op": "BO_Add",
                        "rotation": 0.7499998211860657,
                        "scale": [
                            1,
                            1,
                            1
                        ],
                        "height": 653.1043090820312,
                        "position": [
                            -360.81787109375,
                            -90.51947021484375,
                            -536.80712890625
                        ],
                        "weightHard": false,
                        "weightScale": [
                            1,
                            1,
                            1
                        ],
                        "mirrored": false,
                        "twinId": 0,
                        "flooded": false,
                        "pathable": true,
                        "mergeable": false,
                        "no_features": true
                    },
                    {
                        "weight": [
                            1,
                            1,
                            1,
                            1
                        ],
                        "spec": "/pa/terrain/mountain/brushes/mountain_t1_medium_2_ramp.json",
                        "proj": "BP_Bend",
                        "transform": [
                            0.057345569133758545,
                            -0.490822970867157,
                            0.8693699836730957,
                            565.351318359375,
                            -0.07853284478187561,
                            0.8658869862556458,
                            0.4940367043018341,
                            321.2720642089844,
                            -0.9952607154846191,
                            -0.09660488367080688,
                            0.011109113693237305,
                            7.22425651550293
                        ],
                        "op": "BO_Add",
                        "rotation": 0.4199998676776886,
                        "scale": [
                            1,
                            1,
                            1
                        ],
                        "height": 650.2999877929688,
                        "position": [
                            565.351318359375,
                            321.2720947265625,
                            7.224174499511719
                        ],
                        "weightHard": false,
                        "weightScale": [
                            1,
                            1,
                            1
                        ],
                        "mirrored": false,
                        "twinId": 0,
                        "flooded": false,
                        "pathable": true,
                        "mergeable": false,
                        "no_features": false
                    },
                    {
                        "weight": [
                            1,
                            1,
                            1,
                            1
                        ],
                        "spec": "/pa/terrain/mountain/brushes/mountain_t1_medium_2_ramp.json",
                        "proj": "BP_Bend",
                        "transform": [
                            -0.4766086935997009,
                            0.011942431330680847,
                            -0.8790342807769775,
                            -571.1227416992188,
                            0.8768861889839172,
                            -0.06470680236816406,
                            -0.4763229489326477,
                            -309.4747009277344,
                            -0.06256794929504395,
                            -0.9978327751159668,
                            0.020367680117487907,
                            13.233210563659668
                        ],
                        "op": "BO_Add",
                        "rotation": 2.1299986839294434,
                        "scale": [
                            1,
                            1,
                            1
                        ],
                        "height": 649.716064453125,
                        "position": [
                            -571.122802734375,
                            -309.4747314453125,
                            13.233184814453125
                        ],
                        "weightHard": false,
                        "weightScale": [
                            1,
                            1,
                            1
                        ],
                        "mirrored": false,
                        "twinId": 0,
                        "flooded": false,
                        "pathable": true,
                        "mergeable": false,
                        "no_features": false
                    },
                    {
                        "weight": [
                            1,
                            1,
                            1,
                            1
                        ],
                        "spec": "/pa/terrain/mountain/brushes/mountain_t1_medium_2_ramp.json",
                        "proj": "BP_Bend",
                        "transform": [
                            0.9145854115486145,
                            -0.3058510422706604,
                            -0.26455366611480713,
                            -171.3326873779297,
                            0.2706317901611328,
                            0.9490270018577576,
                            -0.161574125289917,
                            -104.64012145996094,
                            0.3004862070083618,
                            0.0761767104268074,
                            0.9507392644882202,
                            615.7265014648438
                        ],
                        "op": "BO_Add",
                        "rotation": 0.29999998211860657,
                        "scale": [
                            1,
                            1,
                            1
                        ],
                        "height": 647.6292114257812,
                        "position": [
                            -171.33270263671875,
                            -104.64013671875,
                            615.7265625
                        ],
                        "weightHard": false,
                        "weightScale": [
                            1,
                            1,
                            1
                        ],
                        "mirrored": false,
                        "twinId": 0,
                        "flooded": false,
                        "pathable": true,
                        "mergeable": false,
                        "no_features": false
                    },
                    {
                        "weight": [
                            1,
                            1,
                            1,
                            1
                        ],
                        "spec": "/pa/terrain/mountain/brushes/mountain_t1_medium_2_ramp.json",
                        "proj": "BP_Bend",
                        "transform": [
                            -0.04612560570240021,
                            -0.6514385938644409,
                            -0.757297933101654,
                            -493.3881530761719,
                            -0.40984997153282166,
                            -0.6790172457695007,
                            0.6090636849403381,
                            396.8118591308594,
                            -0.9109860062599182,
                            0.33847200870513916,
                            -0.2356719970703125,
                            -153.54296875
                        ],
                        "op": "BO_Add",
                        "rotation": 2.819998025894165,
                        "scale": [
                            1,
                            1,
                            1
                        ],
                        "height": 651.5112915039062,
                        "position": [
                            -493.38818359375,
                            396.8118896484375,
                            -153.54290771484375
                        ],
                        "weightHard": false,
                        "weightScale": [
                            1,
                            1,
                            1
                        ],
                        "mirrored": false,
                        "twinId": 0,
                        "flooded": false,
                        "pathable": true,
                        "mergeable": false,
                        "no_features": false
                    },
                    {
                        "weight": [
                            1,
                            1,
                            1,
                            1
                        ],
                        "spec": "/pa/terrain/mountain/brushes/mountain_t1_medium_2_ramp.json",
                        "proj": "BP_Bend",
                        "transform": [
                            -0.4535179138183594,
                            0.8870595097541809,
                            -0.08629582077264786,
                            -55.92634582519531,
                            -0.5632236003875732,
                            -0.21021297574043274,
                            0.7991181015968323,
                            517.89013671875,
                            0.6907248497009277,
                            0.4110182225704193,
                            0.5949481725692749,
                            385.572265625
                        ],
                        "op": "BO_Add",
                        "rotation": -1.9999988079071045,
                        "scale": [
                            1,
                            1,
                            1
                        ],
                        "height": 648.0770874023438,
                        "position": [
                            -55.92634963989258,
                            517.89013671875,
                            385.572265625
                        ],
                        "weightHard": false,
                        "weightScale": [
                            1,
                            1,
                            1
                        ],
                        "mirrored": false,
                        "twinId": 0,
                        "flooded": false,
                        "pathable": true,
                        "mergeable": false,
                        "no_features": false
                    },
                    {
                        "weight": [
                            1,
                            1,
                            1,
                            1
                        ],
                        "spec": "/pa/terrain/desert/brushes/desert_metal_t2_medium_4_ramp.json",
                        "proj": "BP_Bend",
                        "transform": [
                            -0.5886683464050293,
                            0.11034740507602692,
                            0.800807535648346,
                            516.8821411132812,
                            -0.22137227654457092,
                            0.9307645559310913,
                            -0.29098400473594666,
                            -187.8159637451172,
                            -0.7774725556373596,
                            -0.34856969118118286,
                            -0.5234837532043457,
                            -337.8832092285156
                        ],
                        "op": "BO_Add",
                        "rotation": -0.7699998021125793,
                        "scale": [
                            1,
                            1,
                            1
                        ],
                        "height": 645.451171875,
                        "position": [
                            516.8822021484375,
                            -187.81597900390625,
                            -337.88330078125
                        ],
                        "weightHard": false,
                        "weightScale": [
                            1,
                            1,
                            1
                        ],
                        "mirrored": false,
                        "twinId": 0,
                        "flooded": false,
                        "pathable": true,
                        "mergeable": false,
                        "no_features": true
                    },
                    {
                        "weight": [
                            1,
                            1,
                            1,
                            1
                        ],
                        "spec": "/pa/terrain/mountain/brushes/mountain_t3_small_2_ramp.json",
                        "proj": "BP_Bend",
                        "transform": [
                            0.35731327533721924,
                            0.8748841285705566,
                            -0.32696330547332764,
                            -212.05531311035156,
                            -0.5135098695755005,
                            0.4764356017112732,
                            0.7136643528938293,
                            462.8541564941406,
                            0.7801505327224731,
                            -0.08710289001464844,
                            0.6194983720779419,
                            401.7818603515625
                        ],
                        "op": "BO_Add",
                        "rotation": -1.0299996137619019,
                        "scale": [
                            1,
                            1,
                            1
                        ],
                        "height": 648.5599975585938,
                        "position": [
                            -212.05531311035156,
                            462.8541259765625,
                            401.7818603515625
                        ],
                        "weightHard": false,
                        "weightScale": [
                            1,
                            1,
                            1
                        ],
                        "mirrored": false,
                        "twinId": 0,
                        "flooded": false,
                        "pathable": true,
                        "mergeable": false,
                        "no_features": false
                    },
                    {
                        "weight": [
                            1,
                            1,
                            1,
                            1
                        ],
                        "spec": "/pa/terrain/mountain/brushes/mountain_t3_small_2_ramp.json",
                        "proj": "BP_Bend",
                        "transform": [
                            0.45548874139785767,
                            -0.8886749148368835,
                            -0.05279061198234558,
                            -34.25590896606445,
                            0.851390540599823,
                            0.45217108726501465,
                            -0.26584866642951965,
                            -172.50961303710938,
                            0.26012343168258667,
                            0.07614565640687943,
                            0.9625682830810547,
                            624.612060546875
                        ],
                        "op": "BO_Add",
                        "rotation": 1.0899995565414429,
                        "scale": [
                            1,
                            1,
                            1
                        ],
                        "height": 648.9015502929688,
                        "position": [
                            -34.25590515136719,
                            -172.50958251953125,
                            624.612060546875
                        ],
                        "weightHard": false,
                        "weightScale": [
                            1,
                            1,
                            1
                        ],
                        "mirrored": false,
                        "twinId": 0,
                        "flooded": false,
                        "pathable": true,
                        "mergeable": false,
                        "no_features": false
                    },
                    {
                        "weight": [
                            1,
                            1,
                            1,
                            1
                        ],
                        "spec": "/pa/terrain/mountain/brushes/mountain_t1_medium_2_ramp.json",
                        "proj": "BP_Bend",
                        "transform": [
                            -0.565859317779541,
                            -0.12060579657554626,
                            0.815633237361908,
                            529.2573852539062,
                            -0.6694196462631226,
                            -0.5103023648262024,
                            -0.5398785471916199,
                            -350.32257080078125,
                            0.48133209347724915,
                            -0.8514962792396545,
                            0.20802342891693115,
                            134.984619140625
                        ],
                        "op": "BO_Add",
                        "rotation": -2.6699981689453125,
                        "scale": [
                            1,
                            1,
                            1
                        ],
                        "height": 648.8914184570312,
                        "position": [
                            529.25732421875,
                            -350.322509765625,
                            134.9847412109375
                        ],
                        "weightHard": false,
                        "weightScale": [
                            1,
                            1,
                            1
                        ],
                        "mirrored": false,
                        "twinId": 0,
                        "flooded": false,
                        "pathable": true,
                        "mergeable": false,
                        "no_features": false
                    },
                    {
                        "weight": [
                            1,
                            1,
                            1,
                            1
                        ],
                        "spec": "/pa/terrain/mountain/brushes/mountain_t3_small_2_ramp.json",
                        "proj": "BP_Bend",
                        "transform": [
                            0.34661442041397095,
                            -0.6684718132019043,
                            0.6580303311347961,
                            427.1456298828125,
                            0.8330492377281189,
                            -0.10307163000106812,
                            -0.5435119271278381,
                            -352.8085632324219,
                            0.43114665150642395,
                            0.7365607619285583,
                            0.5211437940597534,
                            338.2887878417969
                        ],
                        "op": "BO_Add",
                        "rotation": 1.4099992513656616,
                        "scale": [
                            1,
                            1,
                            1
                        ],
                        "height": 649.1275634765625,
                        "position": [
                            427.1456298828125,
                            -352.80859375,
                            338.288818359375
                        ],
                        "weightHard": false,
                        "weightScale": [
                            1,
                            1,
                            1
                        ],
                        "mirrored": false,
                        "twinId": 0,
                        "flooded": false,
                        "pathable": true,
                        "mergeable": false,
                        "no_features": false
                    },
                    {
                        "weight": [
                            1,
                            1,
                            1,
                            1
                        ],
                        "spec": "/pa/terrain/mountain/brushes/mountain_t3_small_2_ramp.json",
                        "proj": "BP_Bend",
                        "transform": [
                            0.28673961758613586,
                            -0.16663746535778046,
                            -0.9434046149253845,
                            -614.4075927734375,
                            -0.41260403394699097,
                            0.8672614693641663,
                            -0.2785953879356384,
                            -181.4397735595703,
                            0.8646029233932495,
                            0.46913692355155945,
                            0.1799229383468628,
                            117.177734375
                        ],
                        "op": "BO_Add",
                        "rotation": -0.2099999636411667,
                        "scale": [
                            1,
                            1,
                            1
                        ],
                        "height": 651.2662353515625,
                        "position": [
                            -614.4075927734375,
                            -181.4397735595703,
                            117.177734375
                        ],
                        "weightHard": false,
                        "weightScale": [
                            1,
                            1,
                            1
                        ],
                        "mirrored": false,
                        "twinId": 0,
                        "flooded": false,
                        "pathable": true,
                        "mergeable": false,
                        "no_features": false
                    },
                    {
                        "weight": [
                            1,
                            1,
                            1,
                            1
                        ],
                        "spec": "/pa/terrain/mountain/brushes/mountain_t1_medium_2_ramp.json",
                        "proj": "BP_Bend",
                        "transform": [
                            0.8959569334983826,
                            -0.44265198707580566,
                            0.03633774071931839,
                            23.722930908203125,
                            -0.23318126797676086,
                            -0.5384477376937866,
                            -0.8097535371780396,
                            -528.6439819335938,
                            0.3780049979686737,
                            0.717030942440033,
                            -0.5856441259384155,
                            -382.33514404296875
                        ],
                        "op": "BO_Add",
                        "rotation": 0.5300000309944153,
                        "scale": [
                            1,
                            1,
                            1
                        ],
                        "height": 652.8455200195312,
                        "position": [
                            23.72292709350586,
                            -528.6439208984375,
                            -382.3350830078125
                        ],
                        "weightHard": false,
                        "weightScale": [
                            1,
                            1,
                            1
                        ],
                        "mirrored": false,
                        "twinId": 0,
                        "flooded": false,
                        "pathable": true,
                        "mergeable": false,
                        "no_features": false
                    },
                    {
                        "weight": [
                            1,
                            1,
                            1,
                            1
                        ],
                        "spec": "/pa/terrain/mountain/brushes/mountain_t3_small_2_ramp.json",
                        "proj": "BP_Bend",
                        "transform": [
                            -0.12343382835388184,
                            0.9443479776382446,
                            0.30491146445274353,
                            198.4732666015625,
                            0.621145486831665,
                            0.31314972043037415,
                            -0.718411922454834,
                            -467.6293640136719,
                            -0.7739138603210449,
                            0.10071802139282227,
                            -0.6252307891845703,
                            -406.975830078125
                        ],
                        "op": "BO_Add",
                        "rotation": -1.0399996042251587,
                        "scale": [
                            1,
                            1,
                            1
                        ],
                        "height": 650.9209594726562,
                        "position": [
                            198.4732666015625,
                            -467.62939453125,
                            -406.9757080078125
                        ],
                        "weightHard": false,
                        "weightScale": [
                            1,
                            1,
                            1
                        ],
                        "mirrored": false,
                        "twinId": 0,
                        "flooded": false,
                        "pathable": true,
                        "mergeable": false,
                        "no_features": false
                    },
                    {
                        "weight": [
                            1,
                            1,
                            1,
                            1
                        ],
                        "spec": "/pa/terrain/mountain/brushes/mountain_t3_small_2_ramp.json",
                        "proj": "BP_Bend",
                        "transform": [
                            -0.3081700801849365,
                            -0.05957431346178055,
                            0.9494642615318298,
                            617.1591186523438,
                            0.6502326726913452,
                            0.7153297662734985,
                            0.2559312880039215,
                            166.35731506347656,
                            -0.694426953792572,
                            0.6962430477142334,
                            -0.18170607089996338,
                            -118.1103515625
                        ],
                        "op": "BO_Add",
                        "rotation": 1.0499995946884155,
                        "scale": [
                            1,
                            1,
                            1
                        ],
                        "height": 650.0077514648438,
                        "position": [
                            617.1590576171875,
                            166.3572998046875,
                            -118.11026000976562
                        ],
                        "weightHard": false,
                        "weightScale": [
                            1,
                            1,
                            1
                        ],
                        "mirrored": false,
                        "twinId": 0,
                        "flooded": false,
                        "pathable": true,
                        "mergeable": false,
                        "no_features": false
                    },
                    {
                        "weight": [
                            1,
                            1,
                            1,
                            1
                        ],
                        "spec": "/pa/terrain/mountain/brushes/mountain_t1_medium_2_ramp.json",
                        "proj": "BP_Bend",
                        "transform": [
                            -0.1658066213130951,
                            0.9219619035720825,
                            0.3499915301799774,
                            227.33547973632812,
                            0.9558628797531128,
                            0.06295788288116455,
                            0.28698810935020447,
                            186.41188049316406,
                            0.2425573766231537,
                            0.3821284770965576,
                            -0.8917081356048584,
                            -579.2051391601562
                        ],
                        "op": "BO_Add",
                        "rotation": -3.4599974155426025,
                        "scale": [
                            1,
                            1,
                            1
                        ],
                        "height": 649.545654296875,
                        "position": [
                            227.33560180664062,
                            186.4119873046875,
                            -579.2052001953125
                        ],
                        "weightHard": false,
                        "weightScale": [
                            1,
                            1,
                            1
                        ],
                        "mirrored": false,
                        "twinId": 0,
                        "flooded": false,
                        "pathable": true,
                        "mergeable": false,
                        "no_features": false
                    },
                    {
                        "weight": [
                            1,
                            1,
                            1,
                            1
                        ],
                        "spec": "/pa/terrain/mountain/brushes/mountain_t3_small_2_ramp.json",
                        "proj": "BP_Bend",
                        "transform": [
                            0.5467931032180786,
                            0.6041527986526489,
                            -0.5796694159507751,
                            -377.30633544921875,
                            0.7522493600845337,
                            -0.05051212012767792,
                            0.6569393277168274,
                            427.60125732421875,
                            0.36761146783828735,
                            -0.795265793800354,
                            -0.48209333419799805,
